0	5	0
1	5	1
2	3	2
3	3	3
4	3	4
5	0	5
6	2	6
7	2	7
8	3	8
9	3	9
10	2	10
11	3	11
12	3	12
13	6	13
14	4	14
15	3	15
16	0	16
17	0	17
18	2	18
19	3	19
20	0	20
21	0	21
22	3	22
23	3	23
24	0	24
25	2	25
26	6	26
27	2	27
28	2	28
29	2	29
30	2	30
31	-100	31
32	2	32
33	6	33
34	1	34
35	3	35
36	2	36
37	1	37
38	2	38
39	3	39
40	3	40
41	7	41
42	3	42
43	0	43
44	1	44
45	0	45
46	3	46
47	0	47
48	6	48
49	3	49
50	3	50
51	2	51
52	3	52
53	0	53
54	2	54
55	4	55
56	0	56
57	2	57
58	5	58
59	3	59
60	2	60
61	7	61
62	7	62
63	0	63
64	3	64
65	2	65
66	0	66
67	2	67
68	2	68
69	0	69
70	0	70
71	3	71
72	3	72
73	0	73
74	0	74
75	3	75
76	0	76
77	0	77
78	0	78
79	0	79
80	7	80
81	3	81
82	3	82
83	3	83
84	3	84
85	3	85
86	7	86
87	3	87
88	3	88
89	4	89
90	3	90
91	0	91
92	3	92
93	4	93
94	5	94
95	3	95
96	0	96
97	3	97
98	4	98
99	0	99
100	1	100
101	7	101
102	2	102
103	5	103
104	0	104
105	0	105
106	0	106
107	0	107
108	1	108
109	1	109
110	3	110
111	3	111
112	3	112
113	0	113
114	3	114
115	0	115
116	3	116
117	3	117
118	1	118
119	4	119
120	0	120
121	5	121
122	0	122
123	1	123
124	1	124
125	0	125
126	0	126
127	3	127
128	0	128
129	5	129
130	3	130
131	1	131
132	3	132
133	0	133
134	0	134
135	0	135
136	0	136
137	3	137
138	0	138
139	0	139
140	2	140
141	2	141
142	2	142
143	2	143
144	1	144
145	3	145
146	0	146
147	0	147
148	2	148
149	6	149
150	2	150
151	5	151
152	0	152
153	6	153
154	0	154
155	0	155
156	0	156
157	1	157
158	3	158
159	0	159
160	3	160
161	3	161
162	3	162
163	0	163
164	2	164
165	2	165
166	3	166
167	0	167
168	2	168
169	0	169
170	3	170
171	2	171
172	0	172
173	3	173
174	3	174
175	0	175
176	2	176
177	5	177
178	0	178
179	1	179
180	3	180
181	3	181
182	0	182
183	2	183
184	2	184
185	2	185
186	0	186
187	2	187
188	2	188
189	2	189
190	2	190
191	0	191
192	2	192
193	0	193
194	3	194
195	2	195
196	3	196
197	2	197
198	4	198
199	3	199
200	3	200
201	3	201
202	2	202
203	0	203
204	3	204
205	0	205
206	0	206
207	1	207
208	2	208
209	0	209
210	2	210
211	0	211
212	1	212
213	7	213
214	0	214
215	2	215
216	2	216
217	3	217
218	0	218
219	0	219
220	3	220
221	0	221
222	0	222
223	3	223
224	0	224
225	3	225
226	0	226
227	0	227
228	2	228
229	2	229
230	2	230
231	2	231
232	2	232
233	0	233
234	3	234
235	3	235
236	2	236
237	2	237
238	2	238
239	1	239
240	3	240
241	7	241
242	2	242
243	6	243
244	1	244
245	1	245
246	3	246
247	0	247
248	3	248
249	5	249
250	0	250
251	3	251
252	3	252
253	7	253
254	6	254
255	3	255
256	0	256
257	0	257
258	3	258
259	1	259
260	0	260
261	0	261
262	6	262
263	0	263
264	6	264
265	3	265
266	1	266
267	1	267
268	0	268
269	5	269
270	3	270
271	3	271
272	2	272
273	0	273
274	3	274
275	3	275
276	3	276
277	5	277
278	1	278
279	1	279
280	2	280
281	2	281
282	0	282
283	0	283
284	2	284
285	0	285
286	0	286
287	3	287
288	1	288
289	1	289
290	3	290
291	3	291
292	7	292
293	1	293
294	1	294
295	1	295
296	0	296
297	3	297
298	0	298
299	3	299
300	2	300
301	2	301
302	0	302
303	0	303
304	0	304
305	1	305
306	0	306
307	0	307
308	0	308
309	3	309
310	3	310
311	0	311
312	0	312
313	3	313
314	1	314
315	0	315
316	0	316
317	4	317
318	3	318
319	3	319
320	0	320
321	0	321
322	0	322
323	4	323
324	0	324
325	0	325
326	0	326
327	3	327
328	1	328
329	1	329
330	3	330
331	0	331
332	0	332
333	0	333
334	1	334
335	0	335
336	0	336
337	4	337
338	0	338
339	0	339
340	3	340
341	0	341
342	6	342
343	3	343
344	7	344
345	0	345
346	3	346
347	0	347
348	0	348
349	3	349
350	3	350
351	0	351
352	0	352
353	3	353
354	0	354
355	7	355
356	3	356
357	3	357
358	1	358
359	0	359
360	3	360
361	1	361
362	6	362
363	4	363
364	1	364
365	2	365
366	3	366
367	2	367
368	2	368
369	3	369
370	2	370
371	0	371
372	3	372
373	3	373
374	6	374
375	4	375
376	3	376
377	3	377
378	2	378
379	3	379
380	3	380
381	0	381
382	0	382
383	7	383
384	1	384
385	4	385
386	0	386
387	3	387
388	3	388
389	3	389
390	1	390
391	0	391
392	0	392
393	0	393
394	3	394
395	1	395
396	0	396
397	3	397
398	0	398
399	3	399
400	0	400
401	0	401
402	4	402
403	1	403
404	0	404
405	1	405
406	3	406
407	0	407
408	0	408
409	2	409
410	2	410
411	2	411
412	3	412
413	0	413
414	3	414
415	6	415
416	2	416
417	3	417
418	3	418
419	3	419
420	7	420
421	0	421
422	0	422
423	3	423
424	3	424
425	3	425
426	6	426
427	3	427
428	3	428
429	0	429
430	3	430
431	5	431
432	0	432
433	1	433
434	3	434
435	3	435
436	1	436
437	6	437
438	2	438
439	1	439
440	2	440
441	1	441
442	2	442
443	3	443
444	3	444
445	4	445
446	3	446
447	0	447
448	0	448
449	3	449
450	4	450
451	3	451
452	5	452
453	2	453
454	1	454
455	0	455
456	3	456
457	3	457
458	2	458
459	0	459
460	7	460
461	4	461
462	0	462
463	2	463
464	0	464
465	3	465
466	1	466
467	0	467
468	3	468
469	0	469
470	3	470
471	7	471
472	5	472
473	0	473
474	3	474
475	2	475
476	0	476
477	2	477
478	3	478
479	3	479
480	3	480
481	1	481
482	3	482
483	0	483
484	2	484
485	2	485
486	3	486
487	3	487
488	2	488
489	3	489
490	3	490
491	1	491
492	3	492
493	3	493
494	2	494
495	2	495
496	2	496
497	3	497
498	3	498
499	0	499
500	3	500
501	2	501
502	2	502
503	3	503
504	2	504
505	3	505
506	0	506
507	0	507
508	3	508
509	0	509
510	0	510
511	7	511
512	1	512
513	2	513
514	1	514
515	4	515
516	3	516
517	3	517
518	3	518
519	3	519
520	3	520
521	3	521
522	3	522
523	3	523
524	3	524
525	3	525
526	1	526
527	7	527
528	3	528
529	3	529
530	0	530
531	3	531
532	3	532
533	2	533
534	3	534
535	3	535
536	0	536
537	2	537
538	2	538
539	3	539
540	3	540
541	2	541
542	0	542
543	3	543
544	3	544
545	3	545
546	0	546
547	0	547
548	0	548
549	1	549
550	0	550
551	3	551
552	0	552
553	1	553
554	0	554
555	3	555
556	0	556
557	3	557
558	3	558
559	0	559
560	2	560
561	2	561
562	2	562
563	3	563
564	2	564
565	0	565
566	2	566
567	3	567
568	0	568
569	2	569
570	2	570
571	3	571
572	2	572
573	4	573
574	3	574
575	7	575
576	7	576
577	1	577
578	0	578
579	2	579
580	0	580
581	5	581
582	0	582
583	0	583
584	3	584
585	0	585
586	0	586
587	0	587
588	6	588
589	3	589
590	0	590
591	0	591
592	0	592
593	3	593
594	0	594
595	3	595
596	3	596
597	0	597
598	3	598
599	3	599
600	2	600
601	0	601
602	0	602
603	0	603
604	2	604
605	0	605
606	3	606
607	0	607
608	0	608
609	0	609
610	0	610
611	1	611
612	7	612
613	1	613
614	0	614
615	1	615
616	3	616
617	1	617
618	3	618
619	0	619
620	6	620
621	7	621
622	0	622
623	3	623
624	3	624
625	0	625
626	3	626
627	5	627
628	5	628
629	0	629
630	2	630
631	3	631
632	2	632
633	2	633
634	4	634
635	5	635
636	3	636
637	1	637
638	2	638
639	7	639
640	1	640
641	3	641
642	3	642
643	5	643
644	1	644
645	0	645
646	5	646
647	2	647
648	0	648
649	3	649
650	3	650
651	3	651
652	0	652
653	2	653
654	3	654
655	3	655
656	2	656
657	3	657
658	2	658
659	0	659
660	2	660
661	0	661
662	1	662
663	1	663
664	2	664
665	2	665
666	7	666
667	0	667
668	0	668
669	3	669
670	1	670
671	3	671
672	2	672
673	0	673
674	2	674
675	2	675
676	1	676
677	1	677
678	3	678
679	4	679
680	3	680
681	3	681
682	7	682
683	0	683
684	3	684
685	0	685
686	3	686
687	0	687
688	3	688
689	3	689
690	3	690
691	2	691
692	0	692
693	3	693
694	2	694
695	0	695
696	3	696
697	0	697
698	3	698
699	6	699
700	0	700
701	3	701
702	0	702
703	6	703
704	0	704
705	3	705
706	0	706
707	3	707
708	0	708
709	5	709
710	4	710
711	5	711
712	0	712
713	5	713
714	3	714
715	0	715
716	3	716
717	5	717
718	0	718
719	1	719
720	3	720
721	2	721
722	5	722
723	3	723
724	3	724
725	0	725
726	3	726
727	3	727
728	6	728
729	3	729
730	2	730
731	3	731
732	0	732
733	3	733
734	3	734
735	2	735
736	0	736
737	3	737
738	0	738
739	3	739
740	3	740
741	0	741
742	2	742
743	1	743
744	3	744
745	3	745
746	0	746
747	3	747
748	3	748
749	1	749
750	0	750
751	3	751
752	3	752
753	3	753
754	1	754
755	0	755
756	7	756
757	3	757
758	0	758
759	1	759
760	5	760
761	0	761
762	3	762
763	0	763
764	3	764
765	3	765
766	0	766
767	1	767
768	2	768
769	2	769
770	3	770
771	3	771
772	0	772
773	2	773
774	0	774
775	3	775
776	3	776
777	0	777
778	0	778
779	3	779
780	3	780
781	3	781
782	3	782
783	3	783
784	5	784
785	3	785
786	3	786
787	0	787
788	0	788
789	2	789
790	0	790
791	2	791
792	3	792
793	1	793
794	0	794
795	2	795
796	1	796
797	1	797
798	3	798
799	4	799
800	2	800
801	0	801
802	3	802
803	6	803
804	1	804
805	2	805
806	1	806
807	0	807
808	0	808
809	3	809
810	1	810
811	3	811
812	3	812
813	3	813
814	2	814
815	1	815
816	3	816
817	3	817
818	0	818
819	0	819
820	5	820
821	6	821
822	3	822
823	3	823
824	2	824
825	7	825
826	1	826
827	1	827
828	1	828
829	3	829
830	1	830
831	0	831
832	3	832
833	7	833
834	2	834
835	0	835
836	3	836
837	1	837
838	0	838
839	3	839
840	1	840
841	0	841
842	0	842
843	0	843
844	2	844
845	3	845
846	3	846
847	0	847
848	3	848
849	3	849
850	2	850
851	2	851
852	3	852
853	3	853
854	2	854
855	2	855
856	2	856
857	6	857
858	3	858
859	3	859
860	0	860
861	1	861
862	3	862
863	3	863
864	0	864
865	0	865
866	1	866
867	0	867
868	2	868
869	3	869
870	3	870
871	2	871
872	3	872
873	2	873
874	3	874
875	2	875
876	2	876
877	2	877
878	0	878
879	6	879
880	3	880
881	0	881
882	0	882
883	1	883
884	3	884
885	1	885
886	3	886
887	3	887
888	0	888
889	0	889
890	3	890
891	2	891
892	0	892
893	3	893
894	0	894
895	3	895
896	3	896
897	1	897
898	7	898
899	3	899
900	0	900
901	4	901
902	1	902
903	3	903
904	3	904
905	2	905
906	0	906
907	3	907
908	3	908
909	3	909
910	1	910
911	3	911
912	2	912
913	3	913
914	6	914
915	3	915
916	6	916
917	3	917
918	1	918
919	0	919
920	7	920
921	0	921
922	3	922
923	0	923
924	0	924
925	3	925
926	4	926
927	7	927
928	0	928
929	0	929
930	1	930
931	0	931
932	3	932
933	7	933
934	3	934
935	7	935
936	0	936
937	5	937
938	0	938
939	2	939
940	6	940
941	7	941
942	0	942
943	3	943
944	0	944
945	3	945
946	3	946
947	3	947
948	0	948
949	0	949
950	3	950
951	0	951
952	1	952
953	1	953
954	0	954
955	0	955
956	2	956
957	3	957
958	0	958
959	0	959
960	2	960
961	0	961
962	0	962
963	3	963
964	2	964
965	0	965
966	4	966
967	0	967
968	4	968
969	2	969
970	5	970
971	2	971
972	3	972
973	3	973
974	3	974
975	0	975
976	2	976
977	1	977
978	3	978
979	0	979
980	1	980
981	0	981
982	0	982
983	1	983
984	0	984
985	7	985
986	4	986
987	6	987
988	3	988
989	0	989
990	7	990
991	2	991
992	3	992
993	3	993
994	0	994
995	0	995
996	3	996
997	0	997
998	0	998
999	3	999
1000	0	1000
1001	3	1001
1002	3	1002
1003	2	1003
1004	0	1004
1005	3	1005
1006	0	1006
1007	3	1007
1008	7	1008
1009	3	1009
1010	7	1010
1011	3	1011
1012	3	1012
1013	3	1013
1014	5	1014
1015	3	1015
1016	0	1016
1017	3	1017
1018	3	1018
1019	3	1019
1020	3	1020
1021	3	1021
1022	3	1022
1023	0	1023
1024	3	1024
1025	0	1025
1026	7	1026
1027	3	1027
1028	3	1028
1029	0	1029
1030	1	1030
1031	2	1031
1032	2	1032
1033	2	1033
1034	4	1034
1035	2	1035
1036	2	1036
1037	4	1037
1038	0	1038
1039	2	1039
1040	3	1040
1041	6	1041
1042	0	1042
1043	5	1043
1044	0	1044
1045	0	1045
1046	5	1046
1047	0	1047
1048	0	1048
1049	0	1049
1050	0	1050
1051	6	1051
1052	3	1052
1053	2	1053
1054	1	1054
1055	0	1055
1056	3	1056
1057	0	1057
1058	4	1058
1059	0	1059
1060	3	1060
1061	3	1061
1062	3	1062
1063	3	1063
1064	4	1064
1065	3	1065
1066	0	1066
1067	0	1067
1068	3	1068
1069	0	1069
1070	2	1070
1071	0	1071
1072	0	1072
1073	3	1073
1074	3	1074
1075	3	1075
1076	0	1076
1077	3	1077
1078	3	1078
1079	7	1079
1080	2	1080
1081	3	1081
1082	1	1082
1083	7	1083
1084	4	1084
1085	0	1085
1086	7	1086
1087	5	1087
1088	2	1088
1089	5	1089
1090	0	1090
1091	2	1091
1092	4	1092
1093	5	1093
1094	3	1094
1095	3	1095
1096	2	1096
1097	6	1097
1098	0	1098
1099	0	1099
1100	2	1100
1101	3	1101
1102	3	1102
1103	1	1103
1104	3	1104
1105	5	1105
1106	5	1106
1107	0	1107
1108	0	1108
1109	1	1109
1110	5	1110
1111	5	1111
1112	5	1112
1113	3	1113
1114	3	1114
1115	0	1115
1116	3	1116
1117	0	1117
1118	0	1118
1119	0	1119
1120	0	1120
1121	0	1121
1122	0	1122
1123	0	1123
1124	0	1124
1125	0	1125
1126	4	1126
1127	3	1127
1128	0	1128
1129	3	1129
1130	0	1130
1131	0	1131
1132	0	1132
1133	0	1133
1134	0	1134
1135	4	1135
1136	2	1136
1137	1	1137
1138	-100	1138
1139	5	1139
1140	5	1140
1141	1	1141
1142	0	1142
1143	0	1143
1144	0	1144
1145	3	1145
1146	5	1146
1147	0	1147
1148	0	1148
1149	4	1149
1150	0	1150
1151	0	1151
1152	4	1152
1153	1	1153
1154	0	1154
1155	3	1155
1156	0	1156
1157	1	1157
1158	0	1158
1159	0	1159
1160	1	1160
1161	1	1161
1162	0	1162
1163	1	1163
1164	3	1164
1165	0	1165
1166	0	1166
1167	0	1167
1168	1	1168
1169	0	1169
1170	0	1170
1171	3	1171
1172	3	1172
1173	0	1173
1174	0	1174
1175	0	1175
1176	5	1176
1177	7	1177
1178	5	1178
1179	7	1179
1180	1	1180
1181	3	1181
1182	7	1182
1183	6	1183
1184	0	1184
1185	3	1185
1186	3	1186
1187	7	1187
1188	0	1188
1189	3	1189
1190	0	1190
1191	3	1191
1192	3	1192
1193	3	1193
1194	0	1194
1195	3	1195
1196	0	1196
1197	0	1197
1198	5	1198
1199	5	1199
1200	5	1200
1201	0	1201
1202	7	1202
1203	7	1203
1204	0	1204
1205	0	1205
1206	4	1206
1207	0	1207
1208	0	1208
1209	0	1209
1210	0	1210
1211	3	1211
1212	2	1212
1213	4	1213
1214	3	1214
1215	0	1215
1216	4	1216
1217	7	1217
1218	0	1218
1219	3	1219
1220	4	1220
1221	7	1221
1222	7	1222
1223	0	1223
1224	7	1224
1225	6	1225
1226	0	1226
1227	0	1227
1228	0	1228
1229	0	1229
1230	3	1230
1231	2	1231
1232	0	1232
1233	2	1233
1234	0	1234
1235	4	1235
1236	5	1236
1237	0	1237
1238	1	1238
1239	0	1239
1240	3	1240
1241	3	1241
1242	0	1242
1243	4	1243
1244	3	1244
1245	3	1245
1246	4	1246
1247	6	1247
1248	1	1248
1249	5	1249
1250	1	1250
1251	7	1251
1252	6	1252
1253	0	1253
1254	0	1254
1255	0	1255
1256	4	1256
1257	1	1257
1258	1	1258
1259	3	1259
1260	0	1260
1261	0	1261
1262	0	1262
1263	0	1263
1264	1	1264
1265	5	1265
1266	0	1266
1267	0	1267
1268	0	1268
1269	7	1269
1270	0	1270
1271	0	1271
1272	0	1272
1273	0	1273
1274	0	1274
1275	0	1275
1276	0	1276
1277	4	1277
1278	0	1278
1279	0	1279
1280	0	1280
1281	0	1281
1282	0	1282
1283	2	1283
1284	1	1284
1285	3	1285
1286	3	1286
1287	4	1287
1288	6	1288
1289	0	1289
1290	4	1290
1291	5	1291
1292	0	1292
1293	4	1293
1294	6	1294
1295	0	1295
1296	1	1296
1297	1	1297
1298	1	1298
1299	7	1299
1300	7	1300
1301	1	1301
1302	7	1302
1303	1	1303
1304	3	1304
1305	3	1305
1306	3	1306
1307	0	1307
1308	3	1308
1309	0	1309
1310	4	1310
1311	0	1311
1312	3	1312
1313	0	1313
1314	3	1314
1315	0	1315
1316	0	1316
1317	0	1317
1318	7	1318
1319	0	1319
1320	2	1320
1321	0	1321
1322	3	1322
1323	0	1323
1324	0	1324
1325	0	1325
1326	0	1326
1327	0	1327
1328	4	1328
1329	1	1329
1330	0	1330
1331	6	1331
1332	0	1332
1333	0	1333
1334	3	1334
1335	6	1335
1336	7	1336
1337	3	1337
1338	0	1338
1339	3	1339
1340	3	1340
1341	3	1341
1342	6	1342
1343	4	1343
1344	4	1344
1345	3	1345
1346	3	1346
1347	0	1347
1348	3	1348
1349	3	1349
1350	3	1350
1351	3	1351
1352	6	1352
1353	3	1353
1354	1	1354
1355	3	1355
1356	0	1356
1357	3	1357
1358	0	1358
1359	7	1359
1360	2	1360
1361	2	1361
1362	3	1362
1363	2	1363
1364	3	1364
1365	3	1365
1366	3	1366
1367	0	1367
1368	1	1368
1369	0	1369
1370	3	1370
1371	4	1371
1372	3	1372
1373	3	1373
1374	7	1374
1375	2	1375
1376	2	1376
1377	0	1377
1378	2	1378
1379	0	1379
1380	3	1380
1381	0	1381
1382	3	1382
1383	3	1383
1384	0	1384
1385	2	1385
1386	0	1386
1387	2	1387
1388	3	1388
1389	3	1389
1390	3	1390
1391	0	1391
1392	3	1392
1393	7	1393
1394	3	1394
1395	3	1395
1396	3	1396
1397	6	1397
1398	7	1398
1399	2	1399
1400	3	1400
1401	2	1401
1402	0	1402
1403	0	1403
1404	3	1404
1405	0	1405
1406	0	1406
1407	1	1407
1408	2	1408
1409	3	1409
1410	3	1410
1411	3	1411
1412	1	1412
1413	0	1413
1414	3	1414
1415	3	1415
1416	3	1416
1417	3	1417
1418	3	1418
1419	0	1419
1420	5	1420
1421	3	1421
1422	3	1422
1423	0	1423
1424	3	1424
1425	2	1425
1426	1	1426
1427	3	1427
1428	0	1428
1429	0	1429
1430	4	1430
1431	3	1431
1432	6	1432
1433	0	1433
1434	2	1434
1435	0	1435
1436	3	1436
1437	2	1437
1438	6	1438
1439	0	1439
1440	3	1440
1441	2	1441
1442	2	1442
1443	2	1443
1444	6	1444
1445	0	1445
1446	3	1446
1447	0	1447
1448	2	1448
1449	2	1449
1450	6	1450
1451	0	1451
1452	0	1452
1453	3	1453
1454	0	1454
1455	0	1455
1456	3	1456
1457	2	1457
1458	2	1458
1459	3	1459
1460	6	1460
1461	0	1461
1462	1	1462
1463	3	1463
1464	3	1464
1465	2	1465
1466	2	1466
1467	3	1467
1468	1	1468
1469	7	1469
1470	3	1470
1471	0	1471
1472	2	1472
1473	7	1473
1474	7	1474
1475	0	1475
1476	5	1476
1477	0	1477
1478	0	1478
1479	3	1479
1480	0	1480
1481	3	1481
1482	1	1482
1483	2	1483
1484	2	1484
1485	3	1485
1486	1	1486
1487	3	1487
1488	0	1488
1489	3	1489
1490	3	1490
1491	0	1491
1492	3	1492
1493	2	1493
1494	0	1494
1495	4	1495
1496	0	1496
1497	3	1497
1498	0	1498
1499	3	1499
1500	3	1500
1501	0	1501
1502	0	1502
1503	3	1503
1504	3	1504
1505	2	1505
1506	3	1506
1507	3	1507
1508	3	1508
1509	5	1509
1510	6	1510
1511	2	1511
1512	0	1512
1513	7	1513
1514	0	1514
1515	0	1515
1516	3	1516
1517	7	1517
1518	1	1518
1519	0	1519
1520	0	1520
1521	2	1521
1522	0	1522
1523	7	1523
1524	0	1524
1525	3	1525
1526	0	1526
1527	0	1527
1528	0	1528
1529	0	1529
1530	1	1530
1531	0	1531
1532	3	1532
1533	0	1533
1534	3	1534
1535	0	1535
1536	3	1536
1537	0	1537
1538	0	1538
1539	3	1539
1540	3	1540
1541	5	1541
1542	0	1542
1543	3	1543
1544	0	1544
1545	5	1545
1546	1	1546
1547	3	1547
1548	0	1548
1549	7	1549
1550	3	1550
1551	0	1551
1552	3	1552
1553	3	1553
1554	0	1554
1555	3	1555
1556	5	1556
1557	2	1557
1558	3	1558
1559	3	1559
1560	4	1560
1561	3	1561
1562	3	1562
1563	6	1563
1564	6	1564
1565	3	1565
1566	0	1566
1567	1	1567
1568	4	1568
1569	3	1569
1570	0	1570
1571	6	1571
1572	3	1572
1573	3	1573
1574	1	1574
1575	0	1575
1576	3	1576
1577	1	1577
1578	3	1578
1579	0	1579
1580	7	1580
1581	3	1581
1582	0	1582
1583	0	1583
1584	0	1584
1585	0	1585
1586	3	1586
1587	2	1587
1588	3	1588
1589	0	1589
1590	2	1590
1591	3	1591
1592	3	1592
1593	0	1593
1594	0	1594
1595	3	1595
1596	3	1596
1597	3	1597
1598	3	1598
1599	1	1599
1600	6	1600
1601	0	1601
1602	6	1602
1603	-100	1603
1604	3	1604
1605	3	1605
1606	3	1606
1607	4	1607
1608	2	1608
1609	1	1609
1610	5	1610
1611	6	1611
1612	0	1612
1613	6	1613
1614	3	1614
1615	0	1615
1616	3	1616
1617	1	1617
1618	3	1618
1619	1	1619
1620	0	1620
1621	7	1621
1622	3	1622
1623	3	1623
1624	3	1624
1625	1	1625
1626	7	1626
1627	3	1627
1628	2	1628
1629	0	1629
1630	1	1630
1631	3	1631
1632	3	1632
1633	0	1633
1634	0	1634
1635	2	1635
1636	3	1636
1637	6	1637
1638	1	1638
1639	3	1639
1640	2	1640
1641	5	1641
1642	3	1642
1643	3	1643
1644	3	1644
1645	2	1645
1646	3	1646
1647	6	1647
1648	2	1648
1649	0	1649
1650	0	1650
1651	0	1651
1652	0	1652
1653	3	1653
1654	3	1654
1655	2	1655
1656	2	1656
1657	2	1657
1658	4	1658
1659	5	1659
1660	2	1660
1661	0	1661
1662	0	1662
1663	0	1663
1664	3	1664
1665	0	1665
1666	3	1666
1667	3	1667
1668	1	1668
1669	0	1669
1670	0	1670
1671	6	1671
1672	0	1672
1673	2	1673
1674	1	1674
1675	3	1675
1676	3	1676
1677	0	1677
1678	4	1678
1679	3	1679
1680	1	1680
1681	3	1681
1682	3	1682
1683	1	1683
1684	2	1684
1685	0	1685
1686	0	1686
1687	3	1687
1688	0	1688
1689	0	1689
1690	2	1690
1691	0	1691
1692	3	1692
1693	4	1693
1694	0	1694
1695	4	1695
1696	3	1696
1697	0	1697
1698	2	1698
1699	0	1699
1700	0	1700
1701	6	1701
1702	3	1702
1703	0	1703
1704	3	1704
1705	3	1705
1706	1	1706
1707	3	1707
1708	2	1708
1709	3	1709
1710	4	1710
1711	6	1711
1712	3	1712
1713	0	1713
1714	0	1714
1715	2	1715
1716	0	1716
1717	3	1717
1718	2	1718
1719	2	1719
1720	3	1720
1721	0	1721
1722	2	1722
1723	2	1723
1724	2	1724
1725	2	1725
1726	2	1726
1727	2	1727
1728	1	1728
1729	3	1729
1730	0	1730
1731	3	1731
1732	0	1732
1733	7	1733
1734	2	1734
1735	3	1735
1736	0	1736
1737	3	1737
1738	0	1738
1739	0	1739
1740	3	1740
1741	5	1741
1742	3	1742
1743	2	1743
1744	2	1744
1745	0	1745
1746	2	1746
1747	1	1747
1748	0	1748
1749	3	1749
1750	2	1750
1751	0	1751
1752	2	1752
1753	0	1753
1754	3	1754
1755	3	1755
1756	2	1756
1757	0	1757
1758	0	1758
1759	0	1759
1760	0	1760
1761	2	1761
1762	3	1762
1763	0	1763
1764	3	1764
1765	3	1765
1766	7	1766
1767	0	1767
1768	0	1768
1769	0	1769
1770	3	1770
1771	0	1771
1772	1	1772
1773	3	1773
1774	6	1774
1775	0	1775
1776	3	1776
1777	2	1777
1778	3	1778
1779	4	1779
1780	3	1780
1781	3	1781
1782	4	1782
1783	3	1783
1784	2	1784
1785	3	1785
1786	3	1786
1787	0	1787
1788	3	1788
1789	2	1789
1790	3	1790
1791	0	1791
1792	0	1792
1793	2	1793
1794	2	1794
1795	2	1795
1796	3	1796
1797	0	1797
1798	0	1798
1799	3	1799
1800	6	1800
1801	0	1801
1802	3	1802
1803	1	1803
1804	1	1804
1805	1	1805
1806	6	1806
1807	3	1807
1808	0	1808
1809	0	1809
1810	3	1810
1811	0	1811
1812	3	1812
1813	0	1813
1814	2	1814
1815	5	1815
1816	0	1816
1817	0	1817
1818	4	1818
1819	1	1819
1820	0	1820
1821	3	1821
1822	3	1822
1823	0	1823
1824	3	1824
1825	0	1825
1826	0	1826
1827	0	1827
1828	0	1828
1829	3	1829
1830	0	1830
1831	0	1831
1832	0	1832
1833	0	1833
1834	3	1834
1835	0	1835
1836	0	1836
1837	0	1837
1838	0	1838
1839	6	1839
1840	1	1840
1841	3	1841
1842	0	1842
1843	0	1843
1844	0	1844
1845	3	1845
1846	3	1846
1847	0	1847
1848	3	1848
1849	3	1849
1850	3	1850
1851	5	1851
1852	0	1852
1853	0	1853
1854	0	1854
1855	0	1855
1856	3	1856
1857	3	1857
1858	5	1858
1859	0	1859
1860	0	1860
1861	0	1861
1862	0	1862
1863	3	1863
1864	7	1864
1865	0	1865
1866	3	1866
1867	3	1867
1868	6	1868
1869	0	1869
1870	1	1870
1871	0	1871
1872	0	1872
1873	3	1873
1874	2	1874
1875	2	1875
1876	0	1876
1877	3	1877
1878	3	1878
1879	3	1879
1880	3	1880
1881	3	1881
1882	0	1882
1883	0	1883
1884	3	1884
1885	0	1885
1886	2	1886
1887	3	1887
1888	0	1888
1889	3	1889
1890	1	1890
1891	0	1891
1892	3	1892
1893	0	1893
1894	3	1894
1895	3	1895
1896	0	1896
1897	6	1897
1898	3	1898
1899	2	1899
1900	0	1900
1901	3	1901
1902	7	1902
1903	0	1903
1904	3	1904
1905	0	1905
1906	0	1906
1907	0	1907
1908	7	1908
1909	0	1909
1910	0	1910
1911	0	1911
1912	1	1912
1913	4	1913
1914	0	1914
1915	6	1915
1916	3	1916
1917	1	1917
1918	3	1918
1919	2	1919
1920	3	1920
1921	7	1921
1922	7	1922
1923	0	1923
1924	1	1924
1925	3	1925
1926	3	1926
1927	1	1927
1928	3	1928
1929	7	1929
1930	0	1930
1931	3	1931
1932	1	1932
1933	3	1933
1934	1	1934
1935	0	1935
1936	3	1936
1937	0	1937
1938	2	1938
1939	0	1939
1940	0	1940
1941	0	1941
1942	6	1942
1943	6	1943
1944	3	1944
1945	0	1945
1946	0	1946
1947	0	1947
1948	0	1948
1949	3	1949
1950	2	1950
1951	2	1951
1952	2	1952
1953	3	1953
1954	1	1954
1955	2	1955
1956	3	1956
1957	6	1957
1958	3	1958
1959	1	1959
1960	2	1960
1961	3	1961
1962	3	1962
1963	3	1963
1964	3	1964
1965	7	1965
1966	3	1966
1967	3	1967
1968	3	1968
1969	3	1969
1970	2	1970
1971	2	1971
1972	3	1972
1973	3	1973
1974	2	1974
1975	0	1975
1976	3	1976
1977	4	1977
1978	3	1978
1979	0	1979
1980	3	1980
1981	0	1981
1982	3	1982
1983	0	1983
1984	1	1984
1985	1	1985
1986	2	1986
1987	0	1987
1988	2	1988
1989	2	1989
1990	3	1990
1991	3	1991
1992	7	1992
1993	0	1993
1994	1	1994
1995	3	1995
1996	1	1996
1997	3	1997
1998	0	1998
1999	3	1999
2000	1	2000
2001	6	2001
2002	3	2002
2003	6	2003
2004	4	2004
2005	1	2005
2006	5	2006
2007	1	2007
2008	0	2008
2009	3	2009
2010	3	2010
2011	0	2011
2012	3	2012
2013	3	2013
2014	0	2014
2015	0	2015
2016	3	2016
2017	0	2017
2018	5	2018
2019	4	2019
2020	3	2020
2021	3	2021
2022	6	2022
2023	3	2023
2024	3	2024
2025	3	2025
2026	0	2026
2027	4	2027
2028	1	2028
2029	0	2029
2030	0	2030
2031	0	2031
2032	3	2032
2033	5	2033
2034	0	2034
2035	0	2035
2036	0	2036
2037	4	2037
2038	4	2038
2039	3	2039
2040	0	2040
2041	4	2041
2042	1	2042
2043	0	2043
2044	1	2044
2045	3	2045
2046	3	2046
2047	4	2047
2048	0	2048
2049	5	2049
2050	3	2050
2051	0	2051
2052	3	2052
2053	1	2053
2054	0	2054
2055	0	2055
2056	6	2056
2057	3	2057
2058	3	2058
2059	6	2059
2060	0	2060
2061	1	2061
2062	2	2062
2063	3	2063
2064	0	2064
2065	2	2065
2066	5	2066
2067	6	2067
2068	0	2068
2069	0	2069
2070	3	2070
2071	3	2071
2072	3	2072
2073	3	2073
2074	3	2074
2075	0	2075
2076	3	2076
2077	0	2077
2078	0	2078
2079	3	2079
2080	7	2080
2081	3	2081
2082	1	2082
2083	0	2083
2084	7	2084
2085	3	2085
2086	0	2086
2087	0	2087
2088	3	2088
2089	2	2089
2090	1	2090
2091	0	2091
2092	2	2092
2093	4	2093
2094	3	2094
2095	0	2095
2096	0	2096
2097	4	2097
2098	3	2098
2099	0	2099
2100	3	2100
2101	0	2101
2102	1	2102
2103	1	2103
2104	3	2104
2105	3	2105
2106	0	2106
2107	3	2107
2108	2	2108
2109	5	2109
2110	0	2110
2111	2	2111
2112	3	2112
2113	0	2113
2114	0	2114
2115	0	2115
2116	3	2116
2117	0	2117
2118	0	2118
2119	0	2119
2120	0	2120
2121	2	2121
2122	3	2122
2123	3	2123
2124	0	2124
2125	3	2125
2126	3	2126
2127	3	2127
2128	0	2128
2129	0	2129
2130	0	2130
2131	3	2131
2132	0	2132
2133	3	2133
2134	0	2134
2135	1	2135
2136	0	2136
2137	3	2137
2138	3	2138
2139	3	2139
2140	0	2140
2141	1	2141
2142	0	2142
2143	3	2143
2144	3	2144
2145	7	2145
2146	0	2146
2147	0	2147
2148	1	2148
2149	0	2149
2150	3	2150
2151	3	2151
2152	0	2152
2153	3	2153
2154	3	2154
2155	3	2155
2156	3	2156
2157	0	2157
2158	3	2158
2159	6	2159
2160	0	2160
2161	3	2161
2162	2	2162
2163	1	2163
2164	0	2164
2165	3	2165
2166	4	2166
2167	1	2167
2168	7	2168
2169	0	2169
2170	2	2170
2171	1	2171
2172	2	2172
2173	0	2173
2174	3	2174
2175	0	2175
2176	0	2176
2177	2	2177
2178	3	2178
2179	3	2179
2180	3	2180
2181	3	2181
2182	3	2182
2183	2	2183
2184	3	2184
2185	0	2185
2186	3	2186
2187	4	2187
2188	3	2188
2189	3	2189
2190	3	2190
2191	3	2191
2192	3	2192
2193	0	2193
2194	0	2194
2195	0	2195
2196	0	2196
2197	2	2197
2198	0	2198
2199	3	2199
2200	7	2200
2201	2	2201
2202	3	2202
2203	0	2203
2204	2	2204
2205	3	2205
2206	0	2206
2207	3	2207
2208	1	2208
2209	3	2209
2210	3	2210
2211	2	2211
2212	2	2212
2213	1	2213
2214	0	2214
2215	3	2215
2216	6	2216
2217	0	2217
2218	6	2218
2219	3	2219
2220	0	2220
2221	0	2221
2222	3	2222
2223	0	2223
2224	0	2224
2225	1	2225
2226	3	2226
2227	0	2227
2228	3	2228
2229	5	2229
2230	3	2230
2231	3	2231
2232	0	2232
2233	0	2233
2234	3	2234
2235	0	2235
2236	2	2236
2237	2	2237
2238	5	2238
2239	7	2239
2240	1	2240
2241	3	2241
2242	0	2242
2243	5	2243
2244	4	2244
2245	4	2245
2246	3	2246
2247	3	2247
2248	3	2248
2249	0	2249
2250	3	2250
2251	3	2251
2252	1	2252
2253	2	2253
2254	0	2254
2255	0	2255
2256	0	2256
2257	3	2257
2258	2	2258
2259	2	2259
2260	2	2260
2261	7	2261
2262	1	2262
2263	6	2263
2264	0	2264
2265	5	2265
2266	0	2266
2267	3	2267
2268	0	2268
2269	0	2269
2270	2	2270
2271	2	2271
2272	2	2272
2273	0	2273
2274	0	2274
2275	3	2275
2276	4	2276
2277	2	2277
2278	3	2278
2279	1	2279
2280	0	2280
2281	3	2281
2282	3	2282
2283	4	2283
2284	0	2284
2285	3	2285
2286	2	2286
2287	0	2287
2288	3	2288
2289	0	2289
2290	0	2290
2291	5	2291
2292	1	2292
2293	3	2293
2294	7	2294
2295	4	2295
2296	5	2296
2297	7	2297
2298	3	2298
2299	1	2299
2300	0	2300
2301	4	2301
2302	5	2302
2303	3	2303
2304	3	2304
2305	1	2305
2306	3	2306
2307	0	2307
2308	0	2308
2309	0	2309
2310	3	2310
2311	0	2311
2312	3	2312
2313	1	2313
2314	3	2314
2315	3	2315
2316	3	2316
2317	1	2317
2318	7	2318
2319	0	2319
2320	0	2320
2321	0	2321
2322	3	2322
2323	5	2323
2324	0	2324
2325	2	2325
2326	5	2326
2327	7	2327
2328	3	2328
2329	0	2329
2330	3	2330
2331	1	2331
2332	3	2332
2333	3	2333
2334	3	2334
2335	2	2335
2336	0	2336
2337	1	2337
2338	3	2338
2339	0	2339
2340	3	2340
2341	3	2341
2342	3	2342
2343	1	2343
2344	5	2344
2345	0	2345
2346	2	2346
2347	3	2347
2348	0	2348
2349	3	2349
2350	0	2350
2351	3	2351
2352	0	2352
2353	0	2353
2354	7	2354
2355	2	2355
2356	3	2356
2357	1	2357
2358	0	2358
2359	3	2359
2360	3	2360
2361	0	2361
2362	4	2362
2363	0	2363
2364	3	2364
2365	3	2365
2366	0	2366
2367	3	2367
2368	0	2368
2369	3	2369
2370	3	2370
2371	0	2371
2372	3	2372
2373	1	2373
2374	0	2374
2375	3	2375
2376	0	2376
2377	0	2377
2378	0	2378
2379	3	2379
2380	3	2380
2381	0	2381
2382	3	2382
2383	6	2383
2384	0	2384
2385	0	2385
2386	2	2386
2387	0	2387
2388	1	2388
2389	3	2389
2390	0	2390
2391	2	2391
2392	3	2392
2393	3	2393
2394	3	2394
2395	4	2395
2396	0	2396
2397	6	2397
2398	1	2398
2399	3	2399
2400	6	2400
2401	6	2401
2402	0	2402
2403	7	2403
2404	0	2404
2405	0	2405
2406	3	2406
2407	0	2407
2408	3	2408
2409	3	2409
2410	6	2410
2411	0	2411
2412	2	2412
2413	1	2413
2414	3	2414
2415	6	2415
2416	7	2416
2417	3	2417
2418	4	2418
2419	0	2419
2420	3	2420
2421	7	2421
2422	3	2422
2423	0	2423
2424	2	2424
2425	0	2425
2426	1	2426
2427	0	2427
2428	3	2428
2429	0	2429
2430	2	2430
2431	3	2431
2432	0	2432
2433	1	2433
2434	1	2434
2435	3	2435
2436	2	2436
2437	3	2437
2438	1	2438
2439	4	2439
2440	0	2440
2441	3	2441
2442	3	2442
2443	0	2443
2444	2	2444
2445	2	2445
2446	6	2446
2447	0	2447
2448	3	2448
2449	3	2449
2450	0	2450
2451	0	2451
2452	2	2452
2453	3	2453
2454	3	2454
2455	0	2455
2456	3	2456
2457	0	2457
2458	3	2458
2459	2	2459
2460	0	2460
2461	3	2461
2462	3	2462
2463	3	2463
2464	3	2464
2465	3	2465
2466	0	2466
2467	0	2467
2468	4	2468
2469	0	2469
2470	0	2470
2471	2	2471
2472	3	2472
2473	3	2473
2474	0	2474
2475	3	2475
2476	0	2476
2477	3	2477
2478	6	2478
2479	3	2479
2480	2	2480
2481	7	2481
2482	0	2482
2483	3	2483
2484	0	2484
2485	0	2485
2486	3	2486
2487	3	2487
2488	2	2488
2489	0	2489
2490	0	2490
2491	3	2491
2492	0	2492
2493	1	2493
2494	0	2494
2495	2	2495
2496	3	2496
2497	0	2497
2498	0	2498
2499	0	2499
2500	3	2500
2501	3	2501
2502	3	2502
2503	2	2503
2504	1	2504
2505	0	2505
2506	0	2506
2507	0	2507
2508	2	2508
2509	0	2509
2510	3	2510
2511	6	2511
2512	3	2512
2513	0	2513
2514	3	2514
2515	2	2515
2516	0	2516
2517	3	2517
2518	3	2518
2519	3	2519
2520	2	2520
2521	0	2521
2522	0	2522
2523	0	2523
2524	3	2524
2525	2	2525
2526	0	2526
2527	3	2527
2528	3	2528
2529	2	2529
2530	0	2530
2531	0	2531
2532	0	2532
2533	2	2533
2534	0	2534
2535	7	2535
2536	2	2536
2537	3	2537
2538	0	2538
2539	3	2539
2540	0	2540
2541	0	2541
2542	5	2542
2543	0	2543
2544	0	2544
2545	0	2545
2546	2	2546
2547	3	2547
2548	3	2548
2549	7	2549
2550	0	2550
2551	0	2551
2552	3	2552
2553	0	2553
2554	3	2554
2555	3	2555
2556	7	2556
2557	0	2557
2558	0	2558
2559	7	2559
2560	5	2560
2561	0	2561
2562	2	2562
2563	3	2563
2564	0	2564
2565	1	2565
2566	4	2566
2567	0	2567
2568	0	2568
2569	0	2569
2570	0	2570
2571	0	2571
2572	3	2572
2573	0	2573
2574	0	2574
2575	7	2575
2576	1	2576
2577	0	2577
2578	5	2578
2579	3	2579
2580	0	2580
2581	1	2581
2582	3	2582
2583	3	2583
2584	3	2584
2585	2	2585
2586	2	2586
2587	3	2587
2588	0	2588
2589	2	2589
2590	0	2590
2591	1	2591
2592	0	2592
2593	3	2593
2594	1	2594
2595	1	2595
2596	2	2596
2597	3	2597
2598	3	2598
2599	0	2599
2600	2	2600
2601	3	2601
2602	3	2602
2603	3	2603
2604	1	2604
2605	0	2605
2606	3	2606
2607	0	2607
2608	1	2608
2609	3	2609
2610	1	2610
2611	0	2611
2612	0	2612
2613	1	2613
2614	3	2614
2615	3	2615
2616	2	2616
2617	0	2617
2618	2	2618
2619	6	2619
2620	2	2620
2621	0	2621
2622	0	2622
2623	3	2623
2624	6	2624
2625	0	2625
2626	3	2626
2627	6	2627
2628	2	2628
2629	0	2629
2630	2	2630
2631	3	2631
2632	3	2632
2633	1	2633
2634	4	2634
2635	0	2635
2636	3	2636
2637	3	2637
2638	0	2638
2639	1	2639
2640	3	2640
2641	3	2641
2642	3	2642
2643	0	2643
2644	3	2644
2645	1	2645
2646	2	2646
2647	2	2647
2648	3	2648
2649	2	2649
2650	3	2650
2651	2	2651
2652	3	2652
2653	0	2653
2654	3	2654
2655	3	2655
2656	3	2656
2657	3	2657
2658	3	2658
2659	0	2659
2660	2	2660
2661	0	2661
2662	0	2662
2663	0	2663
2664	1	2664
2665	0	2665
2666	3	2666
2667	0	2667
2668	5	2668
2669	1	2669
2670	3	2670
2671	0	2671
2672	2	2672
2673	4	2673
2674	1	2674
2675	2	2675
2676	0	2676
2677	3	2677
2678	3	2678
2679	3	2679
2680	2	2680
2681	3	2681
2682	0	2682
2683	1	2683
2684	0	2684
2685	2	2685
2686	1	2686
2687	0	2687
2688	3	2688
2689	0	2689
2690	3	2690
2691	3	2691
2692	2	2692
2693	3	2693
2694	3	2694
2695	3	2695
2696	3	2696
2697	3	2697
2698	0	2698
2699	2	2699
2700	2	2700
2701	2	2701
2702	2	2702
2703	2	2703
2704	1	2704
2705	6	2705
2706	3	2706
2707	3	2707
2708	1	2708
2709	3	2709
2710	3	2710
2711	0	2711
2712	2	2712
2713	0	2713
2714	4	2714
2715	2	2715
2716	3	2716
2717	3	2717
2718	0	2718
2719	0	2719
2720	3	2720
2721	6	2721
2722	5	2722
2723	6	2723
2724	1	2724
2725	0	2725
2726	3	2726
2727	2	2727
2728	0	2728
2729	0	2729
2730	2	2730
2731	0	2731
2732	3	2732
2733	3	2733
2734	2	2734
2735	0	2735
2736	2	2736
2737	0	2737
2738	0	2738
2739	0	2739
2740	3	2740
2741	4	2741
2742	4	2742
2743	3	2743
2744	2	2744
2745	2	2745
2746	7	2746
2747	0	2747
2748	3	2748
2749	0	2749
2750	3	2750
2751	3	2751
2752	2	2752
2753	2	2753
2754	2	2754
2755	2	2755
2756	0	2756
2757	3	2757
2758	6	2758
2759	0	2759
2760	3	2760
2761	3	2761
2762	5	2762
2763	1	2763
2764	0	2764
2765	0	2765
2766	2	2766
2767	6	2767
2768	3	2768
2769	2	2769
2770	2	2770
2771	7	2771
2772	0	2772
2773	3	2773
2774	1	2774
2775	0	2775
2776	0	2776
2777	0	2777
2778	0	2778
2779	3	2779
2780	1	2780
2781	1	2781
2782	6	2782
2783	2	2783
2784	2	2784
2785	3	2785
2786	3	2786
2787	3	2787
2788	3	2788
2789	0	2789
2790	1	2790
2791	0	2791
2792	0	2792
2793	3	2793
2794	0	2794
2795	1	2795
2796	0	2796
2797	7	2797
2798	3	2798
2799	3	2799
2800	2	2800
2801	2	2801
2802	6	2802
2803	2	2803
2804	3	2804
2805	4	2805
2806	1	2806
2807	0	2807
2808	1	2808
2809	2	2809
2810	4	2810
2811	6	2811
2812	2	2812
2813	0	2813
2814	1	2814
2815	6	2815
2816	3	2816
2817	2	2817
2818	0	2818
2819	1	2819
2820	0	2820
2821	1	2821
2822	2	2822
2823	3	2823
2824	3	2824
2825	1	2825
2826	0	2826
2827	1	2827
2828	2	2828
2829	0	2829
2830	1	2830
2831	3	2831
2832	0	2832
2833	5	2833
2834	3	2834
2835	0	2835
2836	3	2836
2837	3	2837
2838	0	2838
2839	0	2839
2840	3	2840
2841	0	2841
2842	0	2842
2843	5	2843
2844	2	2844
2845	1	2845
2846	0	2846
2847	0	2847
2848	1	2848
2849	3	2849
2850	5	2850
2851	0	2851
2852	0	2852
2853	0	2853
2854	1	2854
2855	1	2855
2856	3	2856
2857	0	2857
2858	0	2858
2859	1	2859
2860	6	2860
2861	6	2861
2862	2	2862
2863	3	2863
2864	1	2864
2865	3	2865
2866	4	2866
2867	1	2867
2868	0	2868
2869	6	2869
2870	3	2870
2871	3	2871
2872	2	2872
2873	2	2873
2874	3	2874
2875	3	2875
2876	3	2876
2877	0	2877
2878	0	2878
2879	1	2879
2880	5	2880
2881	3	2881
2882	3	2882
2883	3	2883
2884	3	2884
2885	7	2885
2886	3	2886
2887	3	2887
2888	3	2888
2889	1	2889
2890	7	2890
2891	0	2891
2892	3	2892
2893	0	2893
2894	3	2894
2895	6	2895
2896	0	2896
2897	3	2897
2898	0	2898
2899	2	2899
2900	3	2900
2901	3	2901
2902	0	2902
2903	3	2903
2904	2	2904
2905	2	2905
2906	2	2906
2907	0	2907
2908	0	2908
2909	0	2909
2910	3	2910
2911	3	2911
2912	2	2912
2913	3	2913
2914	3	2914
2915	2	2915
2916	2	2916
2917	0	2917
2918	3	2918
2919	3	2919
2920	0	2920
2921	7	2921
2922	1	2922
2923	0	2923
2924	3	2924
2925	5	2925
2926	0	2926
2927	0	2927
2928	5	2928
2929	6	2929
2930	1	2930
2931	7	2931
2932	0	2932
2933	0	2933
2934	0	2934
2935	2	2935
2936	4	2936
2937	3	2937
2938	0	2938
2939	0	2939
2940	2	2940
2941	0	2941
2942	3	2942
2943	0	2943
2944	5	2944
2945	3	2945
2946	3	2946
2947	2	2947
2948	2	2948
2949	0	2949
2950	2	2950
2951	3	2951
2952	2	2952
2953	2	2953
2954	2	2954
2955	2	2955
2956	3	2956
2957	0	2957
2958	2	2958
2959	0	2959
2960	7	2960
2961	3	2961
2962	3	2962
2963	1	2963
2964	2	2964
2965	7	2965
2966	2	2966
2967	3	2967
2968	3	2968
2969	2	2969
2970	3	2970
2971	3	2971
2972	1	2972
2973	3	2973
2974	3	2974
2975	0	2975
2976	0	2976
2977	1	2977
2978	1	2978
2979	2	2979
2980	2	2980
2981	5	2981
2982	0	2982
2983	1	2983
2984	0	2984
2985	2	2985
2986	3	2986
2987	1	2987
2988	2	2988
2989	3	2989
2990	0	2990
2991	0	2991
2992	0	2992
2993	6	2993
2994	2	2994
2995	0	2995
2996	3	2996
2997	4	2997
2998	3	2998
2999	0	2999
3000	3	3000
3001	0	3001
3002	0	3002
3003	2	3003
3004	1	3004
3005	3	3005
3006	0	3006
3007	3	3007
3008	0	3008
3009	3	3009
3010	5	3010
3011	3	3011
3012	1	3012
3013	0	3013
3014	3	3014
3015	0	3015
3016	0	3016
3017	3	3017
3018	3	3018
3019	1	3019
3020	0	3020
3021	2	3021
3022	3	3022
3023	7	3023
3024	1	3024
3025	3	3025
3026	2	3026
3027	3	3027
3028	3	3028
3029	3	3029
3030	0	3030
3031	7	3031
3032	3	3032
3033	0	3033
3034	2	3034
3035	2	3035
3036	1	3036
3037	3	3037
3038	6	3038
3039	0	3039
3040	3	3040
3041	3	3041
3042	2	3042
3043	0	3043
3044	7	3044
3045	0	3045
3046	0	3046
3047	0	3047
3048	3	3048
3049	2	3049
3050	2	3050
3051	2	3051
3052	2	3052
3053	3	3053
3054	0	3054
3055	0	3055
3056	3	3056
3057	0	3057
3058	3	3058
3059	0	3059
3060	0	3060
3061	0	3061
3062	1	3062
3063	0	3063
3064	3	3064
3065	7	3065
3066	0	3066
3067	0	3067
3068	4	3068
3069	3	3069
3070	0	3070
3071	1	3071
3072	0	3072
3073	0	3073
3074	0	3074
3075	0	3075
3076	3	3076
3077	3	3077
3078	2	3078
3079	3	3079
3080	0	3080
3081	2	3081
3082	3	3082
3083	0	3083
3084	1	3084
3085	2	3085
3086	5	3086
3087	0	3087
3088	0	3088
3089	0	3089
3090	0	3090
3091	3	3091
3092	4	3092
3093	0	3093
3094	5	3094
3095	2	3095
3096	0	3096
3097	1	3097
3098	0	3098
3099	0	3099
3100	2	3100
3101	3	3101
3102	1	3102
3103	3	3103
3104	2	3104
3105	2	3105
3106	0	3106
3107	3	3107
3108	5	3108
3109	2	3109
3110	1	3110
3111	2	3111
3112	6	3112
3113	0	3113
3114	2	3114
3115	0	3115
3116	2	3116
3117	2	3117
3118	3	3118
3119	0	3119
3120	3	3120
3121	3	3121
3122	2	3122
3123	3	3123
3124	3	3124
3125	3	3125
3126	3	3126
3127	2	3127
3128	0	3128
3129	3	3129
3130	3	3130
3131	3	3131
3132	1	3132
3133	0	3133
3134	3	3134
3135	0	3135
3136	2	3136
3137	5	3137
3138	0	3138
3139	3	3139
3140	0	3140
3141	3	3141
3142	2	3142
3143	6	3143
3144	0	3144
3145	1	3145
3146	2	3146
3147	2	3147
3148	0	3148
3149	5	3149
3150	3	3150
3151	2	3151
3152	2	3152
3153	6	3153
3154	0	3154
3155	5	3155
3156	3	3156
3157	5	3157
3158	0	3158
3159	5	3159
3160	0	3160
3161	5	3161
3162	3	3162
3163	5	3163
3164	1	3164
3165	6	3165
3166	1	3166
3167	1	3167
3168	0	3168
3169	0	3169
3170	3	3170
3171	0	3171
3172	0	3172
3173	3	3173
3174	0	3174
3175	3	3175
3176	0	3176
3177	2	3177
3178	3	3178
3179	2	3179
3180	3	3180
3181	0	3181
3182	2	3182
3183	3	3183
3184	3	3184
3185	2	3185
3186	1	3186
3187	3	3187
3188	2	3188
3189	2	3189
3190	0	3190
3191	0	3191
3192	0	3192
3193	2	3193
3194	0	3194
3195	2	3195
3196	0	3196
3197	6	3197
3198	6	3198
3199	0	3199
3200	0	3200
3201	0	3201
3202	0	3202
3203	3	3203
3204	0	3204
3205	3	3205
3206	4	3206
3207	3	3207
3208	0	3208
3209	3	3209
3210	3	3210
3211	0	3211
3212	5	3212
3213	0	3213
3214	2	3214
3215	1	3215
3216	1	3216
3217	4	3217
3218	5	3218
3219	3	3219
3220	0	3220
3221	0	3221
3222	0	3222
3223	1	3223
3224	2	3224
3225	0	3225
3226	4	3226
3227	3	3227
3228	3	3228
3229	3	3229
3230	0	3230
3231	6	3231
3232	5	3232
3233	2	3233
3234	0	3234
3235	2	3235
3236	3	3236
3237	0	3237
3238	3	3238
3239	2	3239
3240	2	3240
3241	2	3241
3242	0	3242
3243	1	3243
3244	1	3244
3245	0	3245
3246	1	3246
3247	6	3247
3248	7	3248
3249	3	3249
3250	2	3250
3251	2	3251
3252	1	3252
3253	2	3253
3254	7	3254
3255	1	3255
3256	3	3256
3257	2	3257
3258	2	3258
3259	1	3259
3260	7	3260
3261	0	3261
3262	7	3262
3263	0	3263
3264	3	3264
3265	0	3265
3266	3	3266
3267	2	3267
3268	1	3268
3269	0	3269
3270	2	3270
3271	4	3271
3272	2	3272
3273	0	3273
3274	1	3274
3275	4	3275
3276	4	3276
3277	4	3277
3278	2	3278
3279	0	3279
3280	0	3280
3281	2	3281
3282	3	3282
3283	0	3283
3284	6	3284
3285	3	3285
3286	0	3286
3287	1	3287
3288	3	3288
3289	3	3289
3290	3	3290
3291	3	3291
3292	0	3292
3293	0	3293
3294	3	3294
3295	3	3295
3296	3	3296
3297	3	3297
3298	3	3298
3299	3	3299
3300	2	3300
3301	0	3301
3302	4	3302
3303	0	3303
3304	0	3304
3305	3	3305
3306	3	3306
3307	0	3307
3308	3	3308
3309	0	3309
3310	1	3310
3311	3	3311
3312	0	3312
3313	0	3313
3314	3	3314
3315	1	3315
3316	4	3316
3317	3	3317
3318	3	3318
3319	3	3319
3320	3	3320
3321	3	3321
3322	7	3322
3323	3	3323
3324	3	3324
3325	0	3325
3326	7	3326
3327	0	3327
3328	0	3328
3329	0	3329
3330	0	3330
3331	0	3331
3332	3	3332
3333	0	3333
3334	3	3334
3335	3	3335
3336	5	3336
3337	5	3337
3338	0	3338
3339	3	3339
3340	0	3340
3341	1	3341
3342	3	3342
3343	0	3343
3344	0	3344
3345	2	3345
3346	6	3346
3347	3	3347
3348	4	3348
3349	1	3349
3350	3	3350
3351	2	3351
3352	3	3352
3353	0	3353
3354	3	3354
3355	3	3355
3356	3	3356
3357	0	3357
3358	0	3358
3359	3	3359
3360	0	3360
3361	3	3361
3362	0	3362
3363	0	3363
3364	0	3364
3365	3	3365
3366	1	3366
3367	2	3367
3368	0	3368
3369	0	3369
3370	1	3370
3371	0	3371
3372	3	3372
3373	0	3373
3374	3	3374
3375	3	3375
3376	3	3376
3377	1	3377
3378	3	3378
3379	3	3379
3380	3	3380
3381	1	3381
3382	3	3382
3383	3	3383
3384	3	3384
3385	0	3385
3386	3	3386
3387	3	3387
3388	0	3388
3389	3	3389
3390	3	3390
3391	5	3391
3392	7	3392
3393	0	3393
3394	0	3394
3395	3	3395
3396	3	3396
3397	0	3397
3398	3	3398
3399	0	3399
3400	1	3400
3401	6	3401
3402	6	3402
3403	0	3403
3404	0	3404
3405	1	3405
3406	0	3406
3407	6	3407
3408	3	3408
3409	0	3409
3410	1	3410
3411	0	3411
3412	1	3412
3413	1	3413
3414	0	3414
3415	2	3415
3416	0	3416
3417	3	3417
3418	0	3418
3419	0	3419
3420	0	3420
3421	3	3421
3422	0	3422
3423	0	3423
3424	0	3424
3425	6	3425
3426	3	3426
3427	3	3427
3428	0	3428
3429	3	3429
3430	2	3430
3431	1	3431
3432	0	3432
3433	4	3433
3434	1	3434
3435	0	3435
3436	3	3436
3437	1	3437
3438	0	3438
3439	3	3439
3440	3	3440
3441	3	3441
3442	2	3442
3443	0	3443
3444	3	3444
3445	7	3445
3446	4	3446
3447	0	3447
3448	3	3448
3449	4	3449
3450	3	3450
3451	6	3451
3452	3	3452
3453	3	3453
3454	0	3454
3455	2	3455
3456	2	3456
3457	0	3457
3458	6	3458
3459	7	3459
3460	2	3460
3461	2	3461
3462	7	3462
3463	7	3463
3464	1	3464
3465	0	3465
3466	0	3466
3467	5	3467
3468	4	3468
3469	3	3469
3470	6	3470
3471	0	3471
3472	3	3472
3473	3	3473
3474	3	3474
3475	0	3475
3476	0	3476
3477	1	3477
3478	3	3478
3479	0	3479
3480	0	3480
3481	2	3481
3482	0	3482
3483	4	3483
3484	3	3484
3485	0	3485
3486	2	3486
3487	2	3487
3488	5	3488
3489	0	3489
3490	1	3490
3491	3	3491
3492	3	3492
3493	0	3493
3494	0	3494
3495	7	3495
3496	0	3496
3497	3	3497
3498	3	3498
3499	3	3499
3500	0	3500
3501	3	3501
3502	3	3502
3503	0	3503
3504	0	3504
3505	3	3505
3506	3	3506
3507	4	3507
3508	3	3508
3509	4	3509
3510	3	3510
3511	0	3511
3512	3	3512
3513	3	3513
3514	4	3514
3515	0	3515
3516	0	3516
3517	2	3517
3518	3	3518
3519	0	3519
3520	0	3520
3521	0	3521
3522	3	3522
3523	0	3523
3524	0	3524
3525	2	3525
3526	3	3526
3527	3	3527
3528	6	3528
3529	0	3529
3530	0	3530
3531	3	3531
3532	3	3532
3533	3	3533
3534	0	3534
3535	2	3535
3536	3	3536
3537	3	3537
3538	3	3538
3539	3	3539
3540	0	3540
3541	6	3541
3542	3	3542
3543	1	3543
3544	3	3544
3545	0	3545
3546	0	3546
3547	3	3547
3548	4	3548
3549	7	3549
3550	3	3550
3551	0	3551
3552	0	3552
3553	0	3553
3554	1	3554
3555	5	3555
3556	5	3556
3557	3	3557
3558	0	3558
3559	3	3559
3560	3	3560
3561	5	3561
3562	4	3562
3563	6	3563
3564	0	3564
3565	3	3565
3566	1	3566
3567	3	3567
3568	0	3568
3569	1	3569
3570	2	3570
3571	4	3571
3572	3	3572
3573	0	3573
3574	3	3574
3575	0	3575
3576	2	3576
3577	0	3577
3578	2	3578
3579	3	3579
3580	3	3580
3581	0	3581
3582	3	3582
3583	3	3583
3584	3	3584
3585	4	3585
3586	0	3586
3587	0	3587
3588	7	3588
3589	0	3589
3590	3	3590
3591	3	3591
3592	3	3592
3593	3	3593
3594	2	3594
3595	7	3595
3596	0	3596
3597	0	3597
3598	1	3598
3599	7	3599
3600	3	3600
3601	2	3601
3602	2	3602
3603	2	3603
3604	3	3604
3605	3	3605
3606	3	3606
3607	2	3607
3608	3	3608
3609	3	3609
3610	3	3610
3611	2	3611
3612	3	3612
3613	3	3613
3614	0	3614
3615	7	3615
3616	3	3616
3617	6	3617
3618	0	3618
3619	6	3619
3620	5	3620
3621	3	3621
3622	2	3622
3623	0	3623
3624	1	3624
3625	0	3625
3626	3	3626
3627	0	3627
3628	3	3628
3629	7	3629
3630	6	3630
3631	0	3631
3632	3	3632
3633	3	3633
3634	3	3634
3635	0	3635
3636	0	3636
3637	0	3637
3638	3	3638
3639	0	3639
3640	2	3640
3641	0	3641
3642	4	3642
3643	0	3643
3644	2	3644
3645	1	3645
3646	0	3646
3647	2	3647
3648	0	3648
3649	0	3649
3650	7	3650
3651	7	3651
3652	0	3652
3653	3	3653
3654	2	3654
3655	2	3655
3656	1	3656
3657	3	3657
3658	0	3658
3659	6	3659
3660	4	3660
3661	7	3661
3662	3	3662
3663	6	3663
3664	3	3664
3665	3	3665
3666	6	3666
3667	3	3667
3668	2	3668
3669	3	3669
3670	0	3670
3671	3	3671
3672	0	3672
3673	6	3673
3674	0	3674
3675	3	3675
3676	3	3676
3677	3	3677
3678	3	3678
3679	0	3679
3680	3	3680
3681	0	3681
3682	3	3682
3683	2	3683
3684	3	3684
3685	0	3685
3686	3	3686
3687	1	3687
3688	0	3688
3689	3	3689
3690	0	3690
3691	3	3691
3692	3	3692
3693	3	3693
3694	0	3694
3695	0	3695
3696	3	3696
3697	2	3697
3698	0	3698
3699	1	3699
3700	3	3700
3701	1	3701
3702	6	3702
3703	2	3703
3704	0	3704
3705	2	3705
3706	1	3706
3707	3	3707
3708	3	3708
3709	0	3709
3710	2	3710
3711	3	3711
3712	0	3712
3713	0	3713
3714	3	3714
3715	0	3715
3716	0	3716
3717	0	3717
3718	0	3718
3719	2	3719
3720	0	3720
3721	3	3721
3722	0	3722
3723	6	3723
3724	7	3724
3725	0	3725
3726	3	3726
3727	3	3727
3728	1	3728
3729	6	3729
3730	0	3730
3731	3	3731
3732	1	3732
3733	3	3733
3734	0	3734
3735	3	3735
3736	3	3736
3737	2	3737
3738	2	3738
3739	0	3739
3740	0	3740
3741	0	3741
3742	3	3742
3743	3	3743
3744	0	3744
3745	4	3745
3746	0	3746
3747	1	3747
3748	0	3748
3749	4	3749
3750	1	3750
3751	2	3751
3752	0	3752
3753	1	3753
3754	0	3754
3755	3	3755
3756	1	3756
3757	0	3757
3758	3	3758
3759	0	3759
3760	4	3760
3761	3	3761
3762	2	3762
3763	0	3763
3764	0	3764
3765	3	3765
3766	0	3766
3767	3	3767
3768	0	3768
3769	0	3769
3770	7	3770
3771	0	3771
3772	3	3772
3773	7	3773
3774	0	3774
3775	4	3775
3776	3	3776
3777	4	3777
3778	0	3778
3779	3	3779
3780	3	3780
3781	3	3781
3782	0	3782
3783	2	3783
3784	3	3784
3785	0	3785
3786	7	3786
3787	3	3787
3788	0	3788
3789	3	3789
3790	2	3790
3791	1	3791
3792	1	3792
3793	3	3793
3794	0	3794
3795	0	3795
3796	2	3796
3797	3	3797
3798	2	3798
3799	3	3799
3800	2	3800
3801	2	3801
3802	0	3802
3803	3	3803
3804	0	3804
3805	0	3805
3806	0	3806
3807	1	3807
3808	1	3808
3809	2	3809
3810	6	3810
3811	3	3811
3812	0	3812
3813	0	3813
3814	1	3814
3815	0	3815
3816	3	3816
3817	0	3817
3818	2	3818
3819	3	3819
3820	3	3820
3821	3	3821
3822	2	3822
3823	0	3823
3824	3	3824
3825	3	3825
3826	0	3826
3827	1	3827
3828	0	3828
3829	1	3829
3830	3	3830
3831	3	3831
3832	2	3832
3833	3	3833
3834	1	3834
3835	0	3835
3836	7	3836
3837	3	3837
3838	0	3838
3839	1	3839
3840	2	3840
3841	0	3841
3842	0	3842
3843	6	3843
3844	0	3844
3845	0	3845
3846	0	3846
3847	2	3847
3848	2	3848
3849	3	3849
3850	3	3850
3851	0	3851
3852	1	3852
3853	1	3853
3854	5	3854
3855	2	3855
3856	2	3856
3857	3	3857
3858	1	3858
3859	0	3859
3860	3	3860
3861	6	3861
3862	3	3862
3863	0	3863
3864	3	3864
3865	0	3865
3866	3	3866
3867	1	3867
3868	6	3868
3869	0	3869
3870	2	3870
3871	3	3871
3872	0	3872
3873	0	3873
3874	3	3874
3875	0	3875
3876	3	3876
3877	0	3877
3878	1	3878
3879	0	3879
3880	0	3880
3881	1	3881
3882	2	3882
3883	3	3883
3884	1	3884
3885	3	3885
3886	3	3886
3887	1	3887
3888	0	3888
3889	4	3889
3890	5	3890
3891	0	3891
3892	0	3892
3893	3	3893
3894	2	3894
3895	4	3895
3896	3	3896
3897	0	3897
3898	3	3898
3899	5	3899
3900	4	3900
3901	3	3901
3902	3	3902
3903	1	3903
3904	6	3904
3905	3	3905
3906	2	3906
3907	3	3907
3908	3	3908
3909	0	3909
3910	3	3910
3911	3	3911
3912	3	3912
3913	3	3913
3914	-100	3914
3915	4	3915
3916	2	3916
3917	2	3917
3918	3	3918
3919	3	3919
3920	3	3920
3921	1	3921
3922	1	3922
3923	3	3923
3924	1	3924
3925	2	3925
3926	1	3926
3927	2	3927
3928	6	3928
3929	0	3929
3930	0	3930
3931	6	3931
3932	0	3932
3933	3	3933
3934	3	3934
3935	3	3935
3936	0	3936
3937	0	3937
3938	3	3938
3939	3	3939
3940	2	3940
3941	2	3941
3942	2	3942
3943	5	3943
3944	2	3944
3945	2	3945
3946	4	3946
3947	0	3947
3948	3	3948
3949	5	3949
3950	3	3950
3951	3	3951
3952	0	3952
3953	3	3953
3954	0	3954
3955	6	3955
3956	0	3956
3957	3	3957
3958	0	3958
3959	2	3959
3960	2	3960
3961	2	3961
3962	1	3962
3963	3	3963
3964	0	3964
3965	3	3965
3966	0	3966
3967	1	3967
3968	1	3968
3969	1	3969
3970	7	3970
3971	7	3971
3972	1	3972
3973	3	3973
3974	3	3974
3975	3	3975
3976	5	3976
3977	3	3977
3978	2	3978
3979	3	3979
3980	3	3980
3981	1	3981
3982	3	3982
3983	3	3983
3984	3	3984
3985	3	3985
3986	3	3986
3987	3	3987
3988	3	3988
3989	0	3989
3990	3	3990
3991	0	3991
3992	3	3992
3993	3	3993
3994	0	3994
3995	7	3995
3996	0	3996
3997	7	3997
3998	0	3998
3999	0	3999
4000	3	4000
4001	4	4001
4002	0	4002
4003	0	4003
4004	4	4004
4005	0	4005
4006	0	4006
4007	0	4007
4008	1	4008
4009	0	4009
4010	0	4010
4011	3	4011
4012	3	4012
4013	3	4013
4014	3	4014
4015	0	4015
4016	3	4016
4017	1	4017
4018	7	4018
4019	3	4019
4020	3	4020
4021	3	4021
4022	1	4022
4023	3	4023
4024	0	4024
4025	3	4025
4026	0	4026
4027	3	4027
4028	0	4028
4029	0	4029
4030	3	4030
4031	2	4031
4032	1	4032
4033	3	4033
4034	3	4034
4035	3	4035
4036	0	4036
4037	3	4037
4038	1	4038
4039	3	4039
4040	0	4040
4041	3	4041
4042	1	4042
4043	3	4043
4044	4	4044
4045	3	4045
4046	2	4046
4047	2	4047
4048	0	4048
4049	2	4049
4050	3	4050
4051	2	4051
4052	7	4052
4053	0	4053
4054	1	4054
4055	0	4055
4056	0	4056
4057	3	4057
4058	2	4058
4059	2	4059
4060	2	4060
4061	0	4061
4062	0	4062
4063	3	4063
4064	0	4064
4065	0	4065
4066	1	4066
4067	3	4067
4068	0	4068
4069	0	4069
4070	6	4070
4071	1	4071
4072	1	4072
4073	3	4073
4074	0	4074
4075	2	4075
4076	3	4076
4077	3	4077
4078	4	4078
4079	5	4079
4080	3	4080
4081	2	4081
4082	4	4082
4083	0	4083
4084	4	4084
4085	2	4085
4086	3	4086
4087	3	4087
4088	3	4088
4089	0	4089
4090	0	4090
4091	3	4091
4092	5	4092
4093	0	4093
4094	3	4094
4095	3	4095
4096	1	4096
4097	0	4097
4098	3	4098
4099	3	4099
4100	5	4100
4101	3	4101
4102	1	4102
4103	2	4103
4104	2	4104
4105	3	4105
4106	3	4106
4107	0	4107
4108	0	4108
4109	3	4109
4110	0	4110
4111	3	4111
4112	3	4112
4113	0	4113
4114	3	4114
4115	0	4115
4116	3	4116
4117	3	4117
4118	0	4118
4119	0	4119
4120	3	4120
4121	3	4121
4122	0	4122
4123	0	4123
4124	0	4124
4125	3	4125
4126	5	4126
4127	0	4127
4128	0	4128
4129	2	4129
4130	0	4130
4131	6	4131
4132	0	4132
4133	0	4133
4134	2	4134
4135	1	4135
4136	2	4136
4137	2	4137
4138	4	4138
4139	0	4139
4140	2	4140
4141	0	4141
4142	1	4142
4143	3	4143
4144	0	4144
4145	2	4145
4146	3	4146
4147	7	4147
4148	0	4148
4149	3	4149
4150	1	4150
4151	3	4151
4152	1	4152
4153	0	4153
4154	3	4154
4155	2	4155
4156	0	4156
4157	2	4157
4158	0	4158
4159	2	4159
4160	3	4160
4161	1	4161
4162	1	4162
4163	0	4163
4164	3	4164
4165	1	4165
4166	1	4166
4167	3	4167
4168	0	4168
4169	2	4169
4170	2	4170
4171	3	4171
4172	2	4172
4173	0	4173
4174	3	4174
4175	2	4175
4176	2	4176
4177	3	4177
4178	2	4178
4179	1	4179
4180	3	4180
4181	3	4181
4182	3	4182
4183	0	4183
4184	3	4184
4185	2	4185
4186	1	4186
4187	3	4187
4188	0	4188
4189	1	4189
4190	3	4190
4191	1	4191
4192	2	4192
4193	7	4193
4194	3	4194
4195	2	4195
4196	3	4196
4197	3	4197
4198	3	4198
4199	3	4199
4200	7	4200
4201	2	4201
4202	2	4202
4203	2	4203
4204	0	4204
4205	3	4205
4206	3	4206
4207	3	4207
4208	0	4208
4209	3	4209
4210	0	4210
4211	0	4211
4212	2	4212
4213	0	4213
4214	2	4214
4215	0	4215
4216	4	4216
4217	0	4217
4218	1	4218
4219	0	4219
4220	0	4220
4221	0	4221
4222	0	4222
4223	7	4223
4224	3	4224
4225	1	4225
4226	0	4226
4227	3	4227
4228	3	4228
4229	0	4229
4230	0	4230
4231	3	4231
4232	3	4232
4233	3	4233
4234	3	4234
4235	3	4235
4236	3	4236
4237	7	4237
4238	0	4238
4239	0	4239
4240	1	4240
4241	3	4241
4242	1	4242
4243	3	4243
4244	0	4244
4245	0	4245
4246	3	4246
4247	0	4247
4248	0	4248
4249	3	4249
4250	0	4250
4251	0	4251
4252	2	4252
4253	0	4253
4254	3	4254
4255	0	4255
4256	1	4256
4257	3	4257
4258	3	4258
4259	1	4259
4260	5	4260
4261	0	4261
4262	7	4262
4263	0	4263
4264	3	4264
4265	3	4265
4266	0	4266
4267	1	4267
4268	6	4268
4269	2	4269
4270	3	4270
4271	0	4271
4272	3	4272
4273	1	4273
4274	3	4274
4275	0	4275
4276	0	4276
4277	1	4277
4278	1	4278
4279	3	4279
4280	1	4280
4281	1	4281
4282	0	4282
4283	6	4283
4284	0	4284
4285	1	4285
4286	0	4286
4287	2	4287
4288	7	4288
4289	3	4289
4290	3	4290
4291	5	4291
4292	3	4292
4293	0	4293
4294	3	4294
4295	3	4295
4296	1	4296
4297	3	4297
4298	0	4298
4299	3	4299
4300	3	4300
4301	5	4301
4302	3	4302
4303	0	4303
4304	2	4304
4305	0	4305
4306	3	4306
4307	2	4307
4308	3	4308
4309	1	4309
4310	0	4310
4311	0	4311
4312	0	4312
4313	0	4313
4314	3	4314
4315	0	4315
4316	2	4316
4317	5	4317
4318	0	4318
4319	0	4319
4320	0	4320
4321	0	4321
4322	3	4322
4323	3	4323
4324	3	4324
4325	0	4325
4326	3	4326
4327	3	4327
4328	3	4328
4329	0	4329
4330	2	4330
4331	2	4331
4332	2	4332
4333	0	4333
4334	3	4334
4335	3	4335
4336	3	4336
4337	3	4337
4338	3	4338
4339	0	4339
4340	0	4340
4341	3	4341
4342	3	4342
4343	3	4343
4344	3	4344
4345	3	4345
4346	0	4346
4347	0	4347
4348	0	4348
4349	0	4349
4350	3	4350
4351	0	4351
4352	3	4352
4353	1	4353
4354	3	4354
4355	0	4355
4356	0	4356
4357	6	4357
4358	5	4358
4359	7	4359
4360	0	4360
4361	0	4361
4362	0	4362
4363	0	4363
4364	3	4364
4365	0	4365
4366	5	4366
4367	4	4367
4368	1	4368
4369	0	4369
4370	0	4370
4371	0	4371
4372	3	4372
4373	3	4373
4374	0	4374
4375	3	4375
4376	3	4376
4377	3	4377
4378	3	4378
4379	6	4379
4380	1	4380
4381	0	4381
4382	3	4382
4383	0	4383
4384	7	4384
4385	3	4385
4386	7	4386
4387	0	4387
4388	3	4388
4389	0	4389
4390	1	4390
4391	0	4391
4392	2	4392
4393	3	4393
4394	0	4394
4395	0	4395
4396	0	4396
4397	0	4397
4398	1	4398
4399	3	4399
4400	3	4400
4401	0	4401
4402	0	4402
4403	0	4403
4404	3	4404
4405	0	4405
4406	0	4406
4407	0	4407
4408	3	4408
4409	3	4409
4410	2	4410
4411	1	4411
4412	0	4412
4413	1	4413
4414	0	4414
4415	3	4415
4416	0	4416
4417	0	4417
4418	3	4418
4419	0	4419
4420	7	4420
4421	3	4421
4422	0	4422
4423	3	4423
4424	0	4424
4425	3	4425
4426	3	4426
4427	0	4427
4428	7	4428
4429	2	4429
4430	6	4430
4431	3	4431
4432	0	4432
4433	0	4433
4434	3	4434
4435	3	4435
4436	0	4436
4437	7	4437
4438	7	4438
4439	0	4439
4440	0	4440
4441	1	4441
4442	3	4442
4443	0	4443
4444	7	4444
4445	3	4445
4446	3	4446
4447	2	4447
4448	3	4448
4449	7	4449
4450	1	4450
4451	3	4451
4452	3	4452
4453	3	4453
4454	0	4454
4455	7	4455
4456	1	4456
4457	1	4457
4458	1	4458
4459	3	4459
4460	3	4460
4461	3	4461
4462	1	4462
4463	0	4463
4464	3	4464
4465	3	4465
4466	1	4466
4467	3	4467
4468	3	4468
4469	1	4469
4470	3	4470
4471	0	4471
4472	0	4472
4473	1	4473
4474	0	4474
4475	6	4475
4476	3	4476
4477	5	4477
4478	0	4478
4479	0	4479
4480	0	4480
4481	2	4481
4482	0	4482
4483	6	4483
4484	0	4484
4485	0	4485
4486	0	4486
4487	3	4487
4488	0	4488
4489	3	4489
4490	3	4490
4491	0	4491
4492	0	4492
4493	0	4493
4494	7	4494
4495	2	4495
4496	3	4496
4497	0	4497
4498	2	4498
4499	1	4499
4500	0	4500
4501	0	4501
4502	6	4502
4503	0	4503
4504	7	4504
4505	1	4505
4506	2	4506
4507	1	4507
4508	2	4508
4509	1	4509
4510	2	4510
4511	0	4511
4512	1	4512
4513	0	4513
4514	3	4514
4515	5	4515
4516	3	4516
4517	3	4517
4518	0	4518
4519	3	4519
4520	0	4520
4521	3	4521
4522	0	4522
4523	4	4523
4524	1	4524
4525	0	4525
4526	3	4526
4527	1	4527
4528	0	4528
4529	4	4529
4530	0	4530
4531	7	4531
4532	6	4532
4533	4	4533
4534	4	4534
4535	0	4535
4536	2	4536
4537	2	4537
4538	3	4538
4539	6	4539
4540	3	4540
4541	0	4541
4542	0	4542
4543	3	4543
4544	0	4544
4545	0	4545
4546	4	4546
4547	7	4547
4548	6	4548
4549	0	4549
4550	0	4550
4551	0	4551
4552	3	4552
4553	1	4553
4554	0	4554
4555	1	4555
4556	0	4556
4557	3	4557
4558	3	4558
4559	3	4559
4560	7	4560
4561	3	4561
4562	0	4562
4563	3	4563
4564	1	4564
4565	4	4565
4566	1	4566
4567	0	4567
4568	0	4568
4569	3	4569
4570	5	4570
4571	0	4571
4572	3	4572
4573	1	4573
4574	1	4574
4575	7	4575
4576	7	4576
4577	3	4577
4578	1	4578
4579	0	4579
4580	0	4580
4581	3	4581
4582	0	4582
4583	3	4583
4584	4	4584
4585	2	4585
4586	3	4586
4587	3	4587
4588	0	4588
4589	0	4589
4590	6	4590
4591	0	4591
4592	0	4592
4593	3	4593
4594	6	4594
4595	3	4595
4596	3	4596
4597	0	4597
4598	3	4598
4599	3	4599
4600	3	4600
4601	3	4601
4602	3	4602
4603	3	4603
4604	3	4604
4605	0	4605
4606	3	4606
4607	0	4607
4608	3	4608
4609	0	4609
4610	3	4610
4611	3	4611
4612	3	4612
4613	4	4613
4614	3	4614
4615	1	4615
4616	3	4616
4617	0	4617
4618	0	4618
4619	7	4619
4620	0	4620
4621	1	4621
4622	0	4622
4623	7	4623
4624	7	4624
4625	1	4625
4626	0	4626
4627	0	4627
4628	3	4628
4629	0	4629
4630	0	4630
4631	1	4631
4632	3	4632
4633	0	4633
4634	3	4634
4635	3	4635
4636	0	4636
4637	3	4637
4638	2	4638
4639	7	4639
4640	0	4640
4641	0	4641
4642	0	4642
4643	0	4643
4644	3	4644
4645	3	4645
4646	0	4646
4647	3	4647
4648	0	4648
4649	0	4649
4650	0	4650
4651	1	4651
4652	2	4652
4653	3	4653
4654	3	4654
4655	0	4655
4656	2	4656
4657	0	4657
4658	0	4658
4659	1	4659
4660	3	4660
4661	3	4661
4662	3	4662
4663	3	4663
4664	7	4664
4665	3	4665
4666	5	4666
4667	3	4667
4668	3	4668
4669	0	4669
4670	0	4670
4671	1	4671
4672	0	4672
4673	1	4673
4674	0	4674
4675	3	4675
4676	0	4676
4677	2	4677
4678	1	4678
4679	3	4679
4680	3	4680
4681	3	4681
4682	0	4682
4683	3	4683
4684	7	4684
4685	1	4685
4686	4	4686
4687	3	4687
4688	0	4688
4689	3	4689
4690	3	4690
4691	3	4691
4692	3	4692
4693	3	4693
4694	0	4694
4695	6	4695
4696	7	4696
4697	3	4697
4698	1	4698
4699	2	4699
4700	1	4700
4701	1	4701
4702	4	4702
4703	0	4703
4704	1	4704
4705	0	4705
4706	3	4706
4707	3	4707
4708	0	4708
4709	6	4709
4710	3	4710
4711	0	4711
4712	3	4712
4713	1	4713
4714	3	4714
4715	0	4715
4716	0	4716
4717	0	4717
4718	3	4718
4719	0	4719
4720	0	4720
4721	3	4721
4722	3	4722
4723	3	4723
4724	0	4724
4725	3	4725
4726	0	4726
4727	3	4727
4728	2	4728
4729	2	4729
4730	3	4730
4731	0	4731
4732	3	4732
4733	0	4733
4734	3	4734
4735	0	4735
4736	0	4736
4737	3	4737
4738	3	4738
4739	0	4739
4740	1	4740
4741	5	4741
4742	3	4742
4743	3	4743
4744	1	4744
4745	3	4745
4746	3	4746
4747	0	4747
4748	2	4748
4749	3	4749
4750	0	4750
4751	0	4751
4752	3	4752
4753	2	4753
4754	2	4754
4755	6	4755
4756	1	4756
4757	7	4757
4758	6	4758
4759	3	4759
4760	0	4760
4761	3	4761
4762	0	4762
4763	6	4763
4764	7	4764
4765	0	4765
4766	0	4766
4767	3	4767
4768	3	4768
4769	0	4769
4770	1	4770
4771	0	4771
4772	3	4772
4773	3	4773
4774	3	4774
4775	3	4775
4776	3	4776
4777	3	4777
4778	3	4778
4779	0	4779
4780	3	4780
4781	0	4781
4782	3	4782
4783	4	4783
4784	1	4784
4785	3	4785
4786	4	4786
4787	3	4787
4788	3	4788
4789	7	4789
4790	4	4790
4791	0	4791
4792	7	4792
4793	4	4793
4794	0	4794
4795	0	4795
4796	6	4796
4797	3	4797
4798	3	4798
4799	2	4799
4800	0	4800
4801	0	4801
4802	3	4802
4803	3	4803
4804	7	4804
4805	0	4805
4806	0	4806
4807	3	4807
4808	7	4808
4809	3	4809
4810	0	4810
4811	4	4811
4812	3	4812
4813	0	4813
4814	1	4814
4815	2	4815
4816	3	4816
4817	6	4817
4818	5	4818
4819	3	4819
4820	3	4820
4821	3	4821
4822	0	4822
4823	7	4823
4824	0	4824
4825	0	4825
4826	0	4826
4827	3	4827
4828	0	4828
4829	0	4829
4830	0	4830
4831	3	4831
4832	0	4832
4833	0	4833
4834	0	4834
4835	0	4835
4836	5	4836
4837	7	4837
4838	0	4838
4839	0	4839
4840	0	4840
4841	0	4841
4842	3	4842
4843	2	4843
4844	3	4844
4845	2	4845
4846	0	4846
4847	0	4847
4848	1	4848
4849	0	4849
4850	3	4850
4851	0	4851
4852	4	4852
4853	3	4853
4854	1	4854
4855	0	4855
4856	5	4856
4857	6	4857
4858	0	4858
4859	3	4859
4860	3	4860
4861	3	4861
4862	0	4862
4863	3	4863
4864	4	4864
4865	4	4865
4866	0	4866
4867	3	4867
4868	3	4868
4869	3	4869
4870	0	4870
4871	7	4871
4872	0	4872
4873	6	4873
4874	7	4874
4875	2	4875
4876	0	4876
4877	6	4877
4878	0	4878
4879	6	4879
4880	6	4880
4881	7	4881
4882	0	4882
4883	5	4883
4884	2	4884
4885	1	4885
4886	1	4886
4887	0	4887
4888	2	4888
4889	3	4889
4890	0	4890
4891	0	4891
4892	1	4892
4893	2	4893
4894	1	4894
4895	3	4895
4896	3	4896
4897	1	4897
4898	0	4898
4899	0	4899
4900	3	4900
4901	0	4901
4902	3	4902
4903	3	4903
4904	7	4904
4905	6	4905
4906	2	4906
4907	3	4907
4908	3	4908
4909	2	4909
4910	0	4910
4911	5	4911
4912	2	4912
4913	3	4913
4914	3	4914
4915	0	4915
4916	3	4916
4917	0	4917
4918	0	4918
4919	3	4919
4920	3	4920
4921	3	4921
4922	3	4922
4923	0	4923
4924	0	4924
4925	0	4925
4926	0	4926
4927	2	4927
4928	3	4928
4929	3	4929
4930	6	4930
4931	2	4931
4932	0	4932
4933	0	4933
4934	7	4934
4935	1	4935
4936	0	4936
4937	0	4937
4938	3	4938
4939	3	4939
4940	2	4940
4941	2	4941
4942	1	4942
4943	3	4943
4944	0	4944
4945	3	4945
4946	3	4946
4947	3	4947
4948	3	4948
4949	3	4949
4950	1	4950
4951	0	4951
4952	0	4952
4953	1	4953
4954	3	4954
4955	3	4955
4956	2	4956
4957	0	4957
4958	0	4958
4959	0	4959
4960	2	4960
4961	3	4961
4962	2	4962
4963	4	4963
4964	0	4964
4965	0	4965
4966	2	4966
4967	0	4967
4968	0	4968
4969	0	4969
4970	0	4970
4971	7	4971
4972	6	4972
4973	6	4973
4974	0	4974
4975	3	4975
4976	0	4976
4977	2	4977
4978	3	4978
4979	2	4979
4980	6	4980
4981	1	4981
4982	0	4982
4983	3	4983
4984	0	4984
4985	3	4985
4986	3	4986
4987	0	4987
4988	0	4988
4989	0	4989
4990	0	4990
4991	3	4991
4992	3	4992
4993	0	4993
4994	3	4994
4995	2	4995
4996	2	4996
4997	1	4997
4998	3	4998
4999	0	4999
5000	4	5000
5001	0	5001
5002	0	5002
5003	3	5003
5004	0	5004
5005	3	5005
5006	7	5006
5007	0	5007
5008	0	5008
5009	0	5009
5010	0	5010
5011	0	5011
5012	7	5012
5013	1	5013
5014	1	5014
5015	1	5015
5016	2	5016
5017	0	5017
5018	3	5018
5019	0	5019
5020	3	5020
5021	0	5021
5022	3	5022
5023	0	5023
5024	3	5024
5025	0	5025
5026	3	5026
5027	1	5027
5028	0	5028
5029	3	5029
5030	3	5030
5031	3	5031
5032	0	5032
5033	3	5033
5034	0	5034
5035	0	5035
5036	3	5036
5037	7	5037
5038	0	5038
5039	0	5039
5040	4	5040
5041	0	5041
5042	0	5042
5043	0	5043
5044	2	5044
5045	3	5045
5046	0	5046
5047	3	5047
5048	1	5048
5049	3	5049
5050	0	5050
5051	0	5051
5052	2	5052
5053	7	5053
5054	3	5054
5055	0	5055
5056	0	5056
5057	0	5057
5058	1	5058
5059	0	5059
5060	1	5060
5061	3	5061
5062	3	5062
5063	0	5063
5064	6	5064
5065	1	5065
5066	3	5066
5067	0	5067
5068	0	5068
5069	3	5069
5070	1	5070
5071	3	5071
5072	3	5072
5073	1	5073
5074	1	5074
5075	3	5075
5076	0	5076
5077	0	5077
5078	0	5078
5079	0	5079
5080	3	5080
5081	3	5081
5082	3	5082
5083	7	5083
5084	0	5084
5085	1	5085
5086	5	5086
5087	3	5087
5088	3	5088
5089	0	5089
5090	3	5090
5091	3	5091
5092	0	5092
5093	0	5093
5094	1	5094
5095	0	5095
5096	0	5096
5097	3	5097
5098	0	5098
5099	6	5099
5100	0	5100
5101	1	5101
5102	0	5102
5103	0	5103
5104	3	5104
5105	0	5105
5106	0	5106
5107	1	5107
5108	3	5108
5109	3	5109
5110	3	5110
5111	0	5111
5112	5	5112
5113	5	5113
5114	3	5114
5115	6	5115
5116	0	5116
5117	0	5117
5118	0	5118
5119	3	5119
5120	3	5120
5121	0	5121
5122	2	5122
5123	3	5123
5124	0	5124
5125	0	5125
5126	0	5126
5127	3	5127
5128	3	5128
5129	3	5129
5130	4	5130
5131	3	5131
5132	0	5132
5133	7	5133
5134	0	5134
5135	0	5135
5136	0	5136
5137	0	5137
5138	0	5138
5139	0	5139
5140	0	5140
5141	2	5141
5142	0	5142
5143	3	5143
5144	0	5144
5145	0	5145
5146	5	5146
5147	3	5147
5148	0	5148
5149	3	5149
5150	0	5150
5151	3	5151
5152	0	5152
5153	3	5153
5154	3	5154
5155	6	5155
5156	0	5156
5157	2	5157
5158	3	5158
5159	3	5159
5160	3	5160
5161	0	5161
5162	3	5162
5163	1	5163
5164	0	5164
5165	1	5165
5166	4	5166
5167	0	5167
5168	2	5168
5169	0	5169
5170	3	5170
5171	0	5171
5172	3	5172
5173	6	5173
5174	0	5174
5175	3	5175
5176	3	5176
5177	3	5177
5178	1	5178
5179	0	5179
5180	2	5180
5181	1	5181
5182	3	5182
5183	0	5183
5184	0	5184
5185	0	5185
5186	3	5186
5187	7	5187
5188	3	5188
5189	0	5189
5190	1	5190
5191	1	5191
5192	0	5192
5193	0	5193
5194	0	5194
5195	3	5195
5196	0	5196
5197	3	5197
5198	3	5198
5199	0	5199
5200	1	5200
5201	0	5201
5202	3	5202
5203	0	5203
5204	0	5204
5205	1	5205
5206	7	5206
5207	3	5207
5208	2	5208
5209	3	5209
5210	0	5210
5211	3	5211
5212	3	5212
5213	0	5213
5214	3	5214
5215	3	5215
5216	3	5216
5217	3	5217
5218	1	5218
5219	3	5219
5220	0	5220
5221	2	5221
5222	1	5222
5223	3	5223
5224	0	5224
5225	3	5225
5226	3	5226
5227	2	5227
5228	6	5228
5229	7	5229
5230	0	5230
5231	7	5231
5232	6	5232
5233	1	5233
5234	7	5234
5235	7	5235
5236	1	5236
5237	2	5237
5238	3	5238
5239	1	5239
5240	0	5240
5241	4	5241
5242	4	5242
5243	0	5243
5244	3	5244
5245	3	5245
5246	3	5246
5247	0	5247
5248	3	5248
5249	0	5249
5250	1	5250
5251	3	5251
5252	7	5252
5253	0	5253
5254	0	5254
5255	3	5255
5256	4	5256
5257	0	5257
5258	2	5258
5259	4	5259
5260	2	5260
5261	3	5261
5262	0	5262
5263	3	5263
5264	0	5264
5265	0	5265
5266	0	5266
5267	7	5267
5268	1	5268
5269	0	5269
5270	0	5270
5271	3	5271
5272	0	5272
5273	0	5273
5274	7	5274
5275	0	5275
5276	3	5276
5277	3	5277
5278	0	5278
5279	4	5279
5280	0	5280
5281	0	5281
5282	0	5282
5283	2	5283
5284	3	5284
5285	4	5285
5286	3	5286
5287	0	5287
5288	0	5288
5289	0	5289
5290	0	5290
5291	0	5291
5292	0	5292
5293	0	5293
5294	0	5294
5295	3	5295
5296	0	5296
5297	0	5297
5298	0	5298
5299	7	5299
5300	0	5300
5301	0	5301
5302	3	5302
5303	7	5303
5304	7	5304
5305	0	5305
5306	3	5306
5307	6	5307
5308	0	5308
5309	1	5309
5310	0	5310
5311	6	5311
5312	3	5312
5313	3	5313
5314	2	5314
5315	3	5315
5316	0	5316
5317	1	5317
5318	7	5318
5319	7	5319
5320	0	5320
5321	2	5321
5322	2	5322
5323	4	5323
5324	0	5324
5325	3	5325
5326	3	5326
5327	3	5327
5328	4	5328
5329	1	5329
5330	4	5330
5331	3	5331
5332	3	5332
5333	6	5333
5334	0	5334
5335	4	5335
5336	3	5336
5337	0	5337
5338	0	5338
5339	3	5339
5340	0	5340
5341	5	5341
5342	7	5342
5343	4	5343
5344	0	5344
5345	0	5345
5346	3	5346
5347	0	5347
5348	1	5348
5349	3	5349
5350	3	5350
5351	3	5351
5352	3	5352
5353	7	5353
5354	1	5354
5355	0	5355
5356	0	5356
5357	3	5357
5358	0	5358
5359	0	5359
5360	3	5360
5361	0	5361
5362	0	5362
5363	1	5363
5364	0	5364
5365	3	5365
5366	6	5366
5367	2	5367
5368	3	5368
5369	0	5369
5370	0	5370
5371	6	5371
5372	5	5372
5373	0	5373
5374	0	5374
5375	0	5375
5376	0	5376
5377	3	5377
5378	3	5378
5379	0	5379
5380	3	5380
5381	0	5381
5382	3	5382
5383	3	5383
5384	3	5384
5385	3	5385
5386	0	5386
5387	0	5387
5388	3	5388
5389	1	5389
5390	0	5390
5391	0	5391
5392	3	5392
5393	0	5393
5394	0	5394
5395	0	5395
5396	3	5396
5397	7	5397
5398	0	5398
5399	0	5399
5400	1	5400
5401	2	5401
5402	2	5402
5403	0	5403
5404	3	5404
5405	3	5405
5406	0	5406
5407	3	5407
5408	1	5408
5409	0	5409
5410	0	5410
5411	3	5411
5412	6	5412
5413	3	5413
5414	0	5414
5415	3	5415
5416	3	5416
5417	0	5417
5418	3	5418
5419	3	5419
5420	3	5420
5421	3	5421
5422	1	5422
5423	2	5423
5424	1	5424
5425	0	5425
5426	0	5426
5427	3	5427
5428	0	5428
5429	3	5429
5430	3	5430
5431	0	5431
5432	2	5432
5433	0	5433
5434	3	5434
5435	3	5435
5436	0	5436
5437	1	5437
5438	6	5438
5439	1	5439
5440	0	5440
5441	3	5441
5442	0	5442
5443	0	5443
5444	1	5444
5445	1	5445
5446	0	5446
5447	0	5447
5448	0	5448
5449	2	5449
5450	2	5450
5451	2	5451
5452	2	5452
5453	2	5453
5454	0	5454
5455	3	5455
5456	0	5456
5457	2	5457
5458	4	5458
5459	0	5459
5460	7	5460
5461	3	5461
5462	7	5462
5463	6	5463
5464	7	5464
5465	0	5465
5466	0	5466
5467	3	5467
5468	0	5468
5469	0	5469
5470	4	5470
5471	0	5471
5472	5	5472
5473	0	5473
5474	2	5474
5475	0	5475
5476	3	5476
5477	0	5477
5478	2	5478
5479	0	5479
5480	3	5480
5481	3	5481
5482	7	5482
5483	3	5483
5484	0	5484
5485	3	5485
5486	0	5486
5487	0	5487
5488	0	5488
5489	0	5489
5490	0	5490
5491	0	5491
5492	0	5492
5493	3	5493
5494	0	5494
5495	0	5495
5496	0	5496
5497	4	5497
5498	0	5498
5499	0	5499
5500	0	5500
5501	3	5501
5502	0	5502
5503	0	5503
5504	0	5504
5505	0	5505
5506	4	5506
5507	0	5507
5508	0	5508
5509	5	5509
5510	3	5510
5511	2	5511
5512	0	5512
5513	0	5513
5514	4	5514
5515	3	5515
5516	0	5516
5517	3	5517
5518	0	5518
5519	3	5519
5520	3	5520
5521	3	5521
5522	0	5522
5523	0	5523
5524	3	5524
5525	0	5525
5526	2	5526
5527	3	5527
5528	3	5528
5529	7	5529
5530	0	5530
5531	5	5531
5532	3	5532
5533	4	5533
5534	3	5534
5535	3	5535
5536	3	5536
5537	3	5537
5538	2	5538
5539	3	5539
5540	0	5540
5541	0	5541
5542	0	5542
5543	0	5543
5544	0	5544
5545	0	5545
5546	2	5546
5547	3	5547
5548	0	5548
5549	3	5549
5550	1	5550
5551	3	5551
5552	3	5552
5553	0	5553
5554	2	5554
5555	1	5555
5556	2	5556
5557	6	5557
5558	2	5558
5559	3	5559
5560	7	5560
5561	0	5561
5562	3	5562
5563	4	5563
5564	3	5564
5565	5	5565
5566	1	5566
5567	3	5567
5568	0	5568
5569	0	5569
5570	0	5570
5571	3	5571
5572	6	5572
5573	2	5573
5574	2	5574
5575	3	5575
5576	2	5576
5577	6	5577
5578	0	5578
5579	0	5579
5580	3	5580
5581	0	5581
5582	1	5582
5583	7	5583
5584	3	5584
5585	1	5585
5586	3	5586
5587	2	5587
5588	3	5588
5589	2	5589
5590	0	5590
5591	2	5591
5592	0	5592
5593	1	5593
5594	0	5594
5595	3	5595
5596	0	5596
5597	0	5597
5598	3	5598
5599	0	5599
5600	3	5600
5601	0	5601
5602	0	5602
5603	3	5603
5604	4	5604
5605	3	5605
5606	3	5606
5607	0	5607
5608	6	5608
5609	2	5609
5610	0	5610
5611	3	5611
5612	0	5612
5613	3	5613
5614	0	5614
5615	3	5615
5616	0	5616
5617	3	5617
5618	0	5618
5619	3	5619
5620	2	5620
5621	3	5621
5622	2	5622
5623	3	5623
5624	0	5624
5625	3	5625
5626	0	5626
5627	2	5627
5628	0	5628
5629	3	5629
5630	3	5630
5631	4	5631
5632	3	5632
5633	0	5633
5634	0	5634
5635	3	5635
5636	1	5636
5637	0	5637
5638	3	5638
5639	3	5639
5640	0	5640
5641	6	5641
5642	3	5642
5643	0	5643
5644	0	5644
5645	0	5645
5646	3	5646
5647	1	5647
5648	2	5648
5649	3	5649
5650	0	5650
5651	0	5651
5652	0	5652
5653	3	5653
5654	7	5654
5655	3	5655
5656	5	5656
5657	1	5657
5658	2	5658
5659	0	5659
5660	0	5660
5661	3	5661
5662	0	5662
5663	2	5663
5664	2	5664
5665	0	5665
5666	3	5666
5667	0	5667
5668	3	5668
5669	1	5669
5670	6	5670
5671	7	5671
5672	3	5672
5673	7	5673
5674	0	5674
5675	0	5675
5676	0	5676
5677	1	5677
5678	0	5678
5679	3	5679
5680	0	5680
5681	6	5681
5682	0	5682
5683	1	5683
5684	4	5684
5685	3	5685
5686	4	5686
5687	3	5687
5688	3	5688
5689	0	5689
5690	3	5690
5691	4	5691
5692	0	5692
5693	0	5693
5694	2	5694
5695	0	5695
5696	3	5696
5697	3	5697
5698	0	5698
5699	0	5699
5700	0	5700
5701	4	5701
5702	0	5702
5703	0	5703
5704	2	5704
5705	3	5705
5706	7	5706
5707	5	5707
5708	1	5708
5709	1	5709
5710	2	5710
5711	3	5711
5712	0	5712
5713	3	5713
5714	0	5714
5715	0	5715
5716	2	5716
5717	3	5717
5718	0	5718
5719	3	5719
5720	2	5720
5721	0	5721
5722	0	5722
5723	0	5723
5724	1	5724
5725	3	5725
5726	3	5726
5727	0	5727
5728	1	5728
5729	3	5729
5730	3	5730
5731	0	5731
5732	3	5732
5733	0	5733
5734	3	5734
5735	2	5735
5736	5	5736
5737	7	5737
5738	7	5738
5739	0	5739
5740	3	5740
5741	7	5741
5742	3	5742
5743	0	5743
5744	0	5744
5745	7	5745
5746	0	5746
5747	1	5747
5748	0	5748
5749	3	5749
5750	0	5750
5751	2	5751
5752	0	5752
5753	3	5753
5754	3	5754
5755	1	5755
5756	1	5756
5757	3	5757
5758	5	5758
5759	3	5759
5760	5	5760
5761	0	5761
5762	3	5762
5763	3	5763
5764	0	5764
5765	0	5765
5766	0	5766
5767	0	5767
5768	3	5768
5769	1	5769
5770	6	5770
5771	3	5771
5772	4	5772
5773	7	5773
5774	7	5774
5775	3	5775
5776	0	5776
5777	6	5777
5778	3	5778
5779	0	5779
5780	6	5780
5781	3	5781
5782	3	5782
5783	1	5783
5784	3	5784
5785	3	5785
5786	3	5786
5787	0	5787
5788	3	5788
5789	3	5789
5790	3	5790
5791	2	5791
5792	3	5792
5793	3	5793
5794	0	5794
5795	2	5795
5796	3	5796
5797	0	5797
5798	3	5798
5799	3	5799
5800	3	5800
5801	3	5801
5802	7	5802
5803	4	5803
5804	3	5804
5805	0	5805
5806	7	5806
5807	2	5807
5808	3	5808
5809	3	5809
5810	3	5810
5811	0	5811
5812	3	5812
5813	2	5813
5814	0	5814
5815	3	5815
5816	2	5816
5817	2	5817
5818	2	5818
5819	0	5819
5820	3	5820
5821	1	5821
5822	3	5822
5823	0	5823
5824	0	5824
5825	3	5825
5826	0	5826
5827	1	5827
5828	6	5828
5829	0	5829
5830	0	5830
5831	3	5831
5832	2	5832
5833	5	5833
5834	3	5834
5835	3	5835
5836	3	5836
5837	1	5837
5838	2	5838
5839	3	5839
5840	0	5840
5841	3	5841
5842	0	5842
5843	0	5843
5844	0	5844
5845	3	5845
5846	0	5846
5847	0	5847
5848	3	5848
5849	3	5849
5850	3	5850
5851	0	5851
5852	0	5852
5853	3	5853
5854	0	5854
5855	0	5855
5856	3	5856
5857	3	5857
5858	3	5858
5859	0	5859
5860	0	5860
5861	3	5861
5862	0	5862
5863	5	5863
5864	0	5864
5865	5	5865
5866	0	5866
5867	3	5867
5868	1	5868
5869	3	5869
5870	3	5870
5871	3	5871
5872	1	5872
5873	1	5873
5874	0	5874
5875	2	5875
5876	1	5876
5877	0	5877
5878	0	5878
5879	2	5879
5880	2	5880
5881	3	5881
5882	3	5882
5883	1	5883
5884	0	5884
5885	0	5885
5886	1	5886
5887	1	5887
5888	2	5888
5889	2	5889
5890	2	5890
5891	0	5891
5892	3	5892
5893	3	5893
5894	5	5894
5895	2	5895
5896	1	5896
5897	0	5897
5898	6	5898
5899	1	5899
5900	6	5900
5901	3	5901
5902	1	5902
5903	3	5903
5904	3	5904
5905	3	5905
5906	3	5906
5907	3	5907
5908	0	5908
5909	0	5909
5910	7	5910
5911	0	5911
5912	2	5912
5913	3	5913
5914	0	5914
5915	3	5915
5916	0	5916
5917	0	5917
5918	3	5918
5919	7	5919
5920	3	5920
5921	0	5921
5922	0	5922
5923	1	5923
5924	0	5924
5925	0	5925
5926	0	5926
5927	0	5927
5928	0	5928
5929	3	5929
5930	3	5930
5931	3	5931
5932	3	5932
5933	0	5933
5934	0	5934
5935	0	5935
5936	3	5936
5937	0	5937
5938	3	5938
5939	1	5939
5940	0	5940
5941	4	5941
5942	7	5942
5943	4	5943
5944	0	5944
5945	3	5945
5946	3	5946
5947	4	5947
5948	0	5948
5949	0	5949
5950	1	5950
5951	3	5951
5952	0	5952
5953	3	5953
5954	0	5954
5955	3	5955
5956	0	5956
5957	1	5957
5958	1	5958
5959	1	5959
5960	4	5960
5961	3	5961
5962	0	5962
5963	3	5963
5964	4	5964
5965	3	5965
5966	3	5966
5967	0	5967
5968	5	5968
5969	3	5969
5970	1	5970
5971	0	5971
5972	0	5972
5973	3	5973
5974	3	5974
5975	-100	5975
5976	5	5976
5977	0	5977
5978	0	5978
5979	5	5979
5980	3	5980
5981	3	5981
5982	6	5982
5983	1	5983
5984	0	5984
5985	0	5985
5986	3	5986
5987	0	5987
5988	5	5988
5989	3	5989
5990	4	5990
5991	0	5991
5992	0	5992
5993	0	5993
5994	3	5994
5995	1	5995
5996	3	5996
5997	0	5997
5998	6	5998
5999	3	5999
6000	3	6000
6001	0	6001
6002	0	6002
6003	1	6003
6004	0	6004
6005	3	6005
6006	3	6006
6007	-100	6007
6008	2	6008
6009	3	6009
6010	0	6010
6011	3	6011
6012	3	6012
6013	3	6013
6014	0	6014
6015	0	6015
6016	0	6016
6017	1	6017
6018	3	6018
6019	0	6019
6020	0	6020
6021	3	6021
6022	0	6022
6023	3	6023
6024	3	6024
6025	3	6025
6026	3	6026
6027	1	6027
6028	7	6028
6029	3	6029
6030	0	6030
6031	3	6031
6032	3	6032
6033	3	6033
6034	0	6034
6035	3	6035
6036	3	6036
6037	0	6037
6038	3	6038
6039	3	6039
6040	3	6040
6041	3	6041
6042	0	6042
6043	7	6043
6044	3	6044
6045	5	6045
6046	3	6046
6047	0	6047
6048	3	6048
6049	3	6049
6050	3	6050
6051	3	6051
6052	3	6052
6053	3	6053
6054	3	6054
6055	2	6055
6056	2	6056
6057	2	6057
6058	2	6058
6059	7	6059
6060	2	6060
6061	1	6061
6062	3	6062
6063	3	6063
6064	2	6064
6065	0	6065
6066	1	6066
6067	3	6067
6068	0	6068
6069	3	6069
6070	5	6070
6071	3	6071
6072	0	6072
6073	3	6073
6074	0	6074
6075	1	6075
6076	0	6076
6077	3	6077
6078	3	6078
6079	0	6079
6080	0	6080
6081	3	6081
6082	3	6082
6083	3	6083
6084	3	6084
6085	7	6085
6086	2	6086
6087	0	6087
6088	3	6088
6089	5	6089
6090	1	6090
6091	7	6091
6092	0	6092
6093	0	6093
6094	3	6094
6095	3	6095
6096	0	6096
6097	3	6097
6098	6	6098
6099	0	6099
6100	3	6100
6101	3	6101
6102	0	6102
6103	2	6103
6104	2	6104
6105	2	6105
6106	2	6106
6107	2	6107
6108	2	6108
6109	4	6109
6110	3	6110
6111	3	6111
6112	3	6112
6113	0	6113
6114	1	6114
6115	3	6115
6116	0	6116
6117	0	6117
6118	0	6118
6119	3	6119
6120	0	6120
6121	0	6121
6122	0	6122
6123	0	6123
6124	5	6124
6125	0	6125
6126	1	6126
6127	4	6127
6128	2	6128
6129	1	6129
6130	3	6130
6131	1	6131
6132	3	6132
6133	3	6133
6134	1	6134
6135	6	6135
6136	0	6136
6137	3	6137
6138	0	6138
6139	3	6139
6140	2	6140
6141	3	6141
6142	3	6142
6143	0	6143
6144	3	6144
6145	1	6145
6146	2	6146
6147	3	6147
6148	0	6148
6149	0	6149
6150	4	6150
6151	1	6151
6152	3	6152
6153	6	6153
6154	0	6154
6155	0	6155
6156	3	6156
6157	5	6157
6158	0	6158
6159	0	6159
6160	0	6160
6161	3	6161
6162	3	6162
6163	0	6163
6164	0	6164
6165	4	6165
6166	0	6166
6167	0	6167
6168	0	6168
6169	3	6169
6170	3	6170
6171	1	6171
6172	0	6172
6173	3	6173
6174	3	6174
6175	3	6175
6176	0	6176
6177	3	6177
6178	3	6178
6179	4	6179
6180	2	6180
6181	3	6181
6182	3	6182
6183	5	6183
6184	0	6184
6185	4	6185
6186	1	6186
6187	4	6187
6188	0	6188
6189	0	6189
6190	2	6190
6191	3	6191
6192	3	6192
6193	1	6193
6194	0	6194
6195	3	6195
6196	1	6196
6197	0	6197
6198	3	6198
6199	0	6199
6200	0	6200
6201	0	6201
6202	0	6202
6203	0	6203
6204	1	6204
6205	1	6205
6206	2	6206
6207	2	6207
6208	4	6208
6209	4	6209
6210	0	6210
6211	1	6211
6212	0	6212
6213	6	6213
6214	0	6214
6215	0	6215
6216	7	6216
6217	3	6217
6218	1	6218
6219	0	6219
6220	1	6220
6221	0	6221
6222	5	6222
6223	3	6223
6224	2	6224
6225	3	6225
6226	0	6226
6227	0	6227
6228	0	6228
6229	0	6229
6230	1	6230
6231	0	6231
6232	3	6232
6233	1	6233
6234	0	6234
6235	3	6235
6236	1	6236
6237	0	6237
6238	0	6238
6239	3	6239
6240	3	6240
6241	3	6241
6242	3	6242
6243	-100	6243
6244	3	6244
6245	2	6245
6246	3	6246
6247	3	6247
6248	0	6248
6249	3	6249
6250	6	6250
6251	0	6251
6252	3	6252
6253	3	6253
6254	3	6254
6255	0	6255
6256	3	6256
6257	3	6257
6258	3	6258
6259	3	6259
6260	3	6260
6261	3	6261
6262	7	6262
6263	3	6263
6264	3	6264
6265	3	6265
6266	0	6266
6267	3	6267
6268	0	6268
6269	3	6269
6270	3	6270
6271	3	6271
6272	3	6272
6273	6	6273
6274	4	6274
6275	2	6275
6276	2	6276
6277	2	6277
6278	2	6278
6279	2	6279
6280	2	6280
6281	3	6281
6282	2	6282
6283	7	6283
6284	3	6284
6285	3	6285
6286	2	6286
6287	3	6287
6288	3	6288
6289	7	6289
6290	7	6290
6291	7	6291
6292	6	6292
6293	2	6293
6294	3	6294
6295	3	6295
6296	3	6296
6297	3	6297
6298	0	6298
6299	0	6299
6300	2	6300
6301	3	6301
6302	3	6302
6303	3	6303
6304	3	6304
6305	3	6305
6306	1	6306
6307	3	6307
6308	3	6308
6309	0	6309
6310	7	6310
6311	0	6311
6312	0	6312
6313	3	6313
6314	3	6314
6315	3	6315
6316	3	6316
6317	0	6317
6318	0	6318
6319	3	6319
6320	3	6320
6321	7	6321
6322	7	6322
6323	0	6323
6324	1	6324
6325	4	6325
6326	0	6326
6327	0	6327
6328	0	6328
6329	3	6329
6330	3	6330
6331	3	6331
6332	0	6332
6333	3	6333
6334	3	6334
6335	5	6335
6336	7	6336
6337	0	6337
6338	0	6338
6339	1	6339
6340	3	6340
6341	1	6341
6342	0	6342
6343	0	6343
6344	6	6344
6345	1	6345
6346	1	6346
6347	0	6347
6348	6	6348
6349	0	6349
6350	1	6350
6351	3	6351
6352	3	6352
6353	0	6353
6354	1	6354
6355	0	6355
6356	3	6356
6357	3	6357
6358	3	6358
6359	3	6359
6360	4	6360
6361	2	6361
6362	3	6362
6363	0	6363
6364	1	6364
6365	0	6365
6366	7	6366
6367	0	6367
6368	4	6368
6369	4	6369
6370	1	6370
6371	0	6371
6372	0	6372
6373	1	6373
6374	4	6374
6375	1	6375
6376	0	6376
6377	1	6377
6378	0	6378
6379	0	6379
6380	1	6380
6381	0	6381
6382	0	6382
6383	6	6383
6384	0	6384
6385	1	6385
6386	3	6386
6387	7	6387
6388	5	6388
6389	0	6389
6390	1	6390
6391	1	6391
6392	3	6392
6393	1	6393
6394	3	6394
6395	0	6395
6396	0	6396
6397	0	6397
6398	3	6398
6399	0	6399
6400	3	6400
6401	3	6401
6402	0	6402
6403	0	6403
6404	3	6404
6405	0	6405
6406	1	6406
6407	0	6407
6408	4	6408
6409	0	6409
6410	0	6410
6411	0	6411
6412	2	6412
6413	4	6413
6414	0	6414
6415	6	6415
6416	7	6416
6417	7	6417
6418	0	6418
6419	3	6419
6420	5	6420
6421	3	6421
6422	0	6422
6423	3	6423
6424	1	6424
6425	3	6425
6426	0	6426
6427	0	6427
6428	1	6428
6429	0	6429
6430	1	6430
6431	0	6431
6432	0	6432
6433	1	6433
6434	3	6434
6435	0	6435
6436	0	6436
6437	7	6437
6438	0	6438
6439	4	6439
6440	7	6440
6441	0	6441
6442	3	6442
6443	0	6443
6444	0	6444
6445	0	6445
6446	0	6446
6447	0	6447
6448	3	6448
6449	3	6449
6450	1	6450
6451	0	6451
6452	3	6452
6453	6	6453
6454	0	6454
6455	5	6455
6456	0	6456
6457	3	6457
6458	3	6458
6459	6	6459
6460	0	6460
6461	1	6461
6462	0	6462
6463	3	6463
6464	1	6464
6465	0	6465
6466	0	6466
6467	5	6467
6468	1	6468
6469	7	6469
6470	0	6470
6471	6	6471
6472	5	6472
6473	1	6473
6474	0	6474
6475	1	6475
6476	3	6476
6477	0	6477
6478	0	6478
6479	0	6479
6480	0	6480
6481	0	6481
6482	2	6482
6483	0	6483
6484	4	6484
6485	3	6485
6486	2	6486
6487	0	6487
6488	4	6488
6489	0	6489
6490	3	6490
6491	3	6491
6492	3	6492
6493	0	6493
6494	7	6494
6495	5	6495
6496	0	6496
6497	0	6497
6498	1	6498
6499	4	6499
6500	0	6500
6501	0	6501
6502	3	6502
6503	0	6503
6504	3	6504
6505	4	6505
6506	3	6506
6507	1	6507
6508	0	6508
6509	3	6509
6510	0	6510
6511	1	6511
6512	3	6512
6513	1	6513
6514	0	6514
6515	6	6515
6516	3	6516
6517	5	6517
6518	5	6518
6519	0	6519
6520	0	6520
6521	3	6521
6522	0	6522
6523	3	6523
6524	3	6524
6525	3	6525
6526	0	6526
6527	3	6527
6528	3	6528
6529	3	6529
6530	5	6530
6531	1	6531
6532	1	6532
6533	3	6533
6534	3	6534
6535	3	6535
6536	1	6536
6537	0	6537
6538	0	6538
6539	0	6539
6540	0	6540
6541	3	6541
6542	0	6542
6543	1	6543
6544	0	6544
6545	0	6545
6546	0	6546
6547	0	6547
6548	3	6548
6549	1	6549
6550	0	6550
6551	0	6551
6552	3	6552
6553	3	6553
6554	6	6554
6555	4	6555
6556	1	6556
6557	0	6557
6558	7	6558
6559	1	6559
6560	7	6560
6561	6	6561
6562	0	6562
6563	0	6563
6564	0	6564
6565	1	6565
6566	0	6566
6567	7	6567
6568	3	6568
6569	0	6569
6570	0	6570
6571	1	6571
6572	0	6572
6573	3	6573
6574	0	6574
6575	0	6575
6576	0	6576
6577	7	6577
6578	3	6578
6579	2	6579
6580	0	6580
6581	3	6581
6582	3	6582
6583	6	6583
6584	3	6584
6585	0	6585
6586	3	6586
6587	7	6587
6588	0	6588
6589	1	6589
6590	0	6590
6591	3	6591
6592	3	6592
6593	0	6593
6594	7	6594
6595	0	6595
6596	0	6596
6597	1	6597
6598	0	6598
6599	0	6599
6600	0	6600
6601	0	6601
6602	0	6602
6603	2	6603
6604	3	6604
6605	3	6605
6606	2	6606
6607	2	6607
6608	4	6608
6609	6	6609
6610	0	6610
6611	3	6611
6612	0	6612
6613	4	6613
6614	0	6614
6615	0	6615
6616	3	6616
6617	2	6617
6618	3	6618
6619	0	6619
6620	6	6620
6621	0	6621
6622	7	6622
6623	1	6623
6624	0	6624
6625	0	6625
6626	6	6626
6627	1	6627
6628	3	6628
6629	0	6629
6630	5	6630
6631	4	6631
6632	3	6632
6633	1	6633
6634	0	6634
6635	3	6635
6636	4	6636
6637	3	6637
6638	0	6638
6639	6	6639
6640	0	6640
6641	3	6641
6642	3	6642
6643	1	6643
6644	0	6644
6645	1	6645
6646	5	6646
6647	6	6647
6648	4	6648
6649	0	6649
6650	0	6650
6651	3	6651
6652	0	6652
6653	7	6653
6654	5	6654
6655	0	6655
6656	0	6656
6657	7	6657
6658	0	6658
6659	0	6659
6660	3	6660
6661	7	6661
6662	3	6662
6663	7	6663
6664	0	6664
6665	7	6665
6666	0	6666
6667	0	6667
6668	3	6668
6669	3	6669
6670	3	6670
6671	3	6671
6672	0	6672
6673	1	6673
6674	3	6674
6675	3	6675
6676	0	6676
6677	0	6677
6678	0	6678
6679	0	6679
6680	0	6680
6681	0	6681
6682	0	6682
6683	0	6683
6684	0	6684
6685	0	6685
6686	1	6686
6687	0	6687
6688	0	6688
6689	0	6689
6690	0	6690
6691	0	6691
6692	1	6692
6693	0	6693
6694	0	6694
6695	0	6695
6696	3	6696
6697	3	6697
6698	0	6698
6699	0	6699
6700	0	6700
6701	0	6701
6702	0	6702
6703	6	6703
6704	1	6704
6705	0	6705
6706	0	6706
6707	1	6707
6708	3	6708
6709	3	6709
6710	1	6710
6711	1	6711
6712	0	6712
6713	3	6713
6714	0	6714
6715	1	6715
6716	1	6716
6717	0	6717
6718	1	6718
6719	0	6719
6720	2	6720
6721	0	6721
6722	0	6722
6723	0	6723
6724	4	6724
6725	0	6725
6726	7	6726
6727	3	6727
6728	0	6728
6729	3	6729
6730	3	6730
6731	0	6731
6732	0	6732
6733	6	6733
6734	3	6734
6735	0	6735
6736	3	6736
6737	0	6737
6738	0	6738
6739	0	6739
6740	0	6740
6741	0	6741
6742	0	6742
6743	0	6743
6744	0	6744
6745	0	6745
6746	0	6746
6747	0	6747
6748	0	6748
6749	0	6749
6750	1	6750
6751	0	6751
6752	4	6752
6753	6	6753
6754	7	6754
6755	3	6755
6756	3	6756
6757	0	6757
6758	3	6758
6759	3	6759
6760	0	6760
6761	0	6761
6762	3	6762
6763	0	6763
6764	1	6764
6765	1	6765
6766	0	6766
6767	4	6767
6768	3	6768
6769	0	6769
6770	0	6770
6771	3	6771
6772	3	6772
6773	0	6773
6774	0	6774
6775	3	6775
6776	0	6776
6777	5	6777
6778	7	6778
6779	0	6779
6780	3	6780
6781	7	6781
6782	5	6782
6783	3	6783
6784	1	6784
6785	0	6785
6786	6	6786
6787	0	6787
6788	1	6788
6789	0	6789
6790	0	6790
6791	3	6791
6792	1	6792
6793	3	6793
6794	1	6794
6795	3	6795
6796	3	6796
6797	6	6797
6798	0	6798
6799	0	6799
6800	1	6800
6801	1	6801
6802	7	6802
6803	1	6803
6804	1	6804
6805	6	6805
6806	0	6806
6807	3	6807
6808	0	6808
6809	5	6809
6810	6	6810
6811	0	6811
6812	0	6812
6813	3	6813
6814	3	6814
6815	3	6815
6816	3	6816
6817	0	6817
6818	1	6818
6819	0	6819
6820	7	6820
6821	1	6821
6822	0	6822
6823	0	6823
6824	1	6824
6825	3	6825
6826	6	6826
6827	3	6827
6828	6	6828
6829	5	6829
6830	1	6830
6831	3	6831
6832	3	6832
6833	0	6833
6834	3	6834
6835	0	6835
6836	3	6836
6837	3	6837
6838	7	6838
6839	0	6839
6840	7	6840
6841	3	6841
6842	6	6842
6843	0	6843
6844	7	6844
6845	0	6845
6846	3	6846
6847	0	6847
6848	1	6848
6849	0	6849
6850	0	6850
6851	0	6851
6852	3	6852
6853	3	6853
6854	3	6854
6855	7	6855
6856	3	6856
6857	0	6857
6858	3	6858
6859	0	6859
6860	0	6860
6861	4	6861
6862	0	6862
6863	3	6863
6864	3	6864
6865	0	6865
6866	0	6866
6867	4	6867
6868	4	6868
6869	0	6869
6870	0	6870
6871	0	6871
6872	3	6872
6873	0	6873
6874	3	6874
6875	0	6875
6876	3	6876
6877	3	6877
6878	0	6878
6879	0	6879
6880	2	6880
6881	0	6881
6882	3	6882
6883	2	6883
6884	0	6884
6885	0	6885
6886	0	6886
6887	3	6887
6888	3	6888
6889	3	6889
6890	0	6890
6891	0	6891
6892	3	6892
6893	1	6893
6894	3	6894
6895	3	6895
6896	7	6896
6897	2	6897
6898	3	6898
6899	0	6899
6900	0	6900
6901	1	6901
6902	3	6902
6903	3	6903
6904	1	6904
6905	4	6905
6906	3	6906
6907	0	6907
6908	1	6908
6909	1	6909
6910	0	6910
6911	0	6911
6912	1	6912
6913	5	6913
6914	3	6914
6915	0	6915
6916	0	6916
6917	0	6917
6918	0	6918
6919	1	6919
6920	1	6920
6921	3	6921
6922	0	6922
6923	0	6923
6924	7	6924
6925	0	6925
6926	6	6926
6927	7	6927
6928	0	6928
6929	0	6929
6930	3	6930
6931	0	6931
6932	1	6932
6933	1	6933
6934	1	6934
6935	3	6935
6936	0	6936
6937	0	6937
6938	0	6938
6939	1	6939
6940	0	6940
6941	1	6941
6942	0	6942
6943	1	6943
6944	0	6944
6945	3	6945
6946	0	6946
6947	0	6947
6948	1	6948
6949	0	6949
6950	3	6950
6951	0	6951
6952	0	6952
6953	3	6953
6954	0	6954
6955	3	6955
6956	1	6956
6957	1	6957
6958	1	6958
6959	4	6959
6960	1	6960
6961	1	6961
6962	1	6962
6963	3	6963
6964	3	6964
6965	0	6965
6966	0	6966
6967	1	6967
6968	0	6968
6969	0	6969
6970	3	6970
6971	0	6971
6972	1	6972
6973	0	6973
6974	0	6974
6975	7	6975
6976	0	6976
6977	3	6977
6978	0	6978
6979	0	6979
6980	1	6980
6981	0	6981
6982	1	6982
6983	1	6983
6984	1	6984
6985	0	6985
6986	0	6986
6987	0	6987
6988	0	6988
6989	1	6989
6990	0	6990
6991	1	6991
6992	0	6992
6993	1	6993
6994	6	6994
6995	7	6995
6996	1	6996
6997	0	6997
6998	5	6998
6999	1	6999
7000	0	7000
7001	1	7001
7002	0	7002
7003	0	7003
7004	0	7004
7005	1	7005
7006	3	7006
7007	1	7007
7008	4	7008
7009	0	7009
7010	3	7010
7011	3	7011
7012	0	7012
7013	0	7013
7014	4	7014
7015	3	7015
7016	3	7016
7017	3	7017
7018	6	7018
7019	3	7019
7020	3	7020
7021	0	7021
7022	1	7022
7023	1	7023
7024	3	7024
7025	6	7025
7026	3	7026
7027	0	7027
7028	3	7028
7029	3	7029
7030	3	7030
7031	3	7031
7032	0	7032
7033	3	7033
7034	3	7034
7035	0	7035
7036	4	7036
7037	3	7037
7038	3	7038
7039	5	7039
7040	3	7040
7041	0	7041
7042	3	7042
7043	3	7043
7044	3	7044
7045	3	7045
7046	6	7046
7047	3	7047
7048	3	7048
7049	0	7049
7050	0	7050
7051	0	7051
7052	0	7052
7053	3	7053
7054	3	7054
7055	3	7055
7056	3	7056
7057	3	7057
7058	0	7058
7059	3	7059
7060	0	7060
7061	3	7061
7062	3	7062
7063	3	7063
7064	3	7064
7065	0	7065
7066	0	7066
7067	3	7067
7068	3	7068
7069	0	7069
7070	1	7070
7071	3	7071
7072	0	7072
7073	0	7073
7074	6	7074
7075	3	7075
7076	3	7076
7077	3	7077
7078	0	7078
7079	0	7079
7080	3	7080
7081	0	7081
7082	3	7082
7083	3	7083
7084	0	7084
7085	3	7085
7086	0	7086
7087	3	7087
7088	3	7088
7089	3	7089
7090	3	7090
7091	3	7091
7092	3	7092
7093	0	7093
7094	3	7094
7095	0	7095
7096	3	7096
7097	0	7097
7098	0	7098
7099	0	7099
7100	3	7100
7101	0	7101
7102	3	7102
7103	0	7103
7104	3	7104
7105	3	7105
7106	0	7106
7107	0	7107
7108	0	7108
7109	3	7109
7110	5	7110
7111	3	7111
7112	0	7112
7113	5	7113
7114	0	7114
7115	0	7115
7116	3	7116
7117	1	7117
7118	3	7118
7119	0	7119
7120	5	7120
7121	0	7121
7122	0	7122
7123	0	7123
7124	0	7124
7125	3	7125
7126	3	7126
7127	3	7127
7128	0	7128
7129	0	7129
7130	3	7130
7131	0	7131
7132	3	7132
7133	3	7133
7134	3	7134
7135	0	7135
7136	6	7136
7137	0	7137
7138	0	7138
7139	3	7139
7140	0	7140
7141	3	7141
7142	0	7142
7143	0	7143
7144	3	7144
7145	3	7145
7146	3	7146
7147	3	7147
7148	5	7148
7149	3	7149
7150	3	7150
7151	3	7151
7152	3	7152
7153	0	7153
7154	3	7154
7155	3	7155
7156	3	7156
7157	3	7157
7158	3	7158
7159	7	7159
7160	1	7160
7161	3	7161
7162	6	7162
7163	3	7163
7164	3	7164
7165	3	7165
7166	3	7166
7167	0	7167
7168	3	7168
7169	0	7169
7170	3	7170
7171	7	7171
7172	3	7172
7173	0	7173
7174	0	7174
7175	3	7175
7176	3	7176
7177	0	7177
7178	6	7178
7179	3	7179
7180	3	7180
7181	3	7181
7182	3	7182
7183	0	7183
7184	0	7184
7185	3	7185
7186	0	7186
7187	3	7187
7188	1	7188
7189	3	7189
7190	3	7190
7191	3	7191
7192	3	7192
7193	3	7193
7194	0	7194
7195	0	7195
7196	0	7196
7197	3	7197
7198	1	7198
7199	6	7199
7200	2	7200
7201	3	7201
7202	0	7202
7203	3	7203
7204	3	7204
7205	3	7205
7206	3	7206
7207	3	7207
7208	2	7208
7209	0	7209
7210	6	7210
7211	3	7211
7212	0	7212
7213	3	7213
7214	6	7214
7215	3	7215
7216	3	7216
7217	3	7217
7218	3	7218
7219	3	7219
7220	3	7220
7221	3	7221
7222	1	7222
7223	3	7223
7224	3	7224
7225	3	7225
7226	3	7226
7227	3	7227
7228	0	7228
7229	3	7229
7230	3	7230
7231	3	7231
7232	0	7232
7233	3	7233
7234	0	7234
7235	0	7235
7236	3	7236
7237	3	7237
7238	0	7238
7239	3	7239
7240	0	7240
7241	0	7241
7242	3	7242
7243	3	7243
7244	0	7244
7245	3	7245
7246	0	7246
7247	0	7247
7248	1	7248
7249	0	7249
7250	3	7250
7251	3	7251
7252	3	7252
7253	3	7253
7254	0	7254
7255	0	7255
7256	3	7256
7257	0	7257
7258	3	7258
7259	3	7259
7260	0	7260
7261	0	7261
7262	3	7262
7263	3	7263
7264	2	7264
7265	0	7265
7266	3	7266
7267	0	7267
7268	6	7268
7269	3	7269
7270	4	7270
7271	3	7271
7272	0	7272
7273	5	7273
7274	3	7274
7275	1	7275
7276	3	7276
7277	3	7277
7278	0	7278
7279	3	7279
7280	0	7280
7281	3	7281
7282	0	7282
7283	0	7283
7284	0	7284
7285	3	7285
7286	1	7286
7287	3	7287
7288	3	7288
7289	5	7289
7290	0	7290
7291	3	7291
7292	6	7292
7293	0	7293
7294	0	7294
7295	0	7295
7296	0	7296
7297	0	7297
7298	0	7298
7299	3	7299
7300	0	7300
7301	3	7301
7302	3	7302
7303	0	7303
7304	0	7304
7305	3	7305
7306	0	7306
7307	3	7307
7308	3	7308
7309	3	7309
7310	3	7310
7311	1	7311
7312	3	7312
7313	0	7313
7314	3	7314
7315	0	7315
7316	0	7316
7317	3	7317
7318	3	7318
7319	3	7319
7320	3	7320
7321	3	7321
7322	0	7322
7323	1	7323
7324	0	7324
7325	3	7325
7326	3	7326
7327	0	7327
7328	3	7328
7329	5	7329
7330	3	7330
7331	3	7331
7332	3	7332
7333	3	7333
7334	1	7334
7335	0	7335
7336	0	7336
7337	3	7337
7338	3	7338
7339	3	7339
7340	0	7340
7341	3	7341
7342	3	7342
7343	4	7343
7344	3	7344
7345	3	7345
7346	3	7346
7347	0	7347
7348	0	7348
7349	3	7349
7350	3	7350
7351	0	7351
7352	5	7352
7353	3	7353
7354	0	7354
7355	0	7355
7356	3	7356
7357	0	7357
7358	3	7358
7359	0	7359
7360	3	7360
7361	3	7361
7362	0	7362
7363	0	7363
7364	3	7364
7365	0	7365
7366	-100	7366
7367	3	7367
7368	3	7368
7369	3	7369
7370	0	7370
7371	3	7371
7372	3	7372
7373	0	7373
7374	3	7374
7375	0	7375
7376	3	7376
7377	0	7377
7378	3	7378
7379	3	7379
7380	0	7380
7381	0	7381
7382	3	7382
7383	3	7383
7384	0	7384
7385	3	7385
7386	0	7386
7387	0	7387
7388	0	7388
7389	3	7389
7390	3	7390
7391	3	7391
7392	3	7392
7393	3	7393
7394	3	7394
7395	0	7395
7396	3	7396
7397	6	7397
7398	3	7398
7399	3	7399
7400	3	7400
7401	3	7401
7402	0	7402
7403	1	7403
7404	0	7404
7405	0	7405
7406	3	7406
7407	3	7407
7408	0	7408
7409	3	7409
7410	0	7410
7411	0	7411
7412	3	7412
7413	3	7413
7414	0	7414
7415	0	7415
7416	3	7416
7417	3	7417
7418	0	7418
7419	3	7419
7420	3	7420
7421	3	7421
7422	1	7422
7423	7	7423
7424	1	7424
7425	0	7425
7426	0	7426
7427	0	7427
7428	0	7428
7429	0	7429
7430	3	7430
7431	0	7431
7432	0	7432
7433	3	7433
7434	3	7434
7435	0	7435
7436	0	7436
7437	1	7437
7438	0	7438
7439	0	7439
7440	4	7440
7441	0	7441
7442	0	7442
7443	0	7443
7444	0	7444
7445	0	7445
7446	7	7446
7447	3	7447
7448	3	7448
7449	1	7449
7450	6	7450
7451	0	7451
7452	0	7452
7453	0	7453
7454	3	7454
7455	0	7455
7456	3	7456
7457	6	7457
7458	3	7458
7459	0	7459
7460	3	7460
7461	3	7461
7462	0	7462
7463	0	7463
7464	3	7464
7465	1	7465
7466	0	7466
7467	0	7467
7468	1	7468
7469	0	7469
7470	3	7470
7471	3	7471
7472	3	7472
7473	1	7473
7474	0	7474
7475	1	7475
7476	3	7476
7477	3	7477
7478	3	7478
7479	3	7479
7480	0	7480
7481	3	7481
7482	3	7482
7483	5	7483
7484	3	7484
7485	6	7485
7486	0	7486
7487	0	7487
7488	0	7488
7489	3	7489
7490	0	7490
7491	3	7491
7492	3	7492
7493	3	7493
7494	3	7494
7495	3	7495
7496	0	7496
7497	3	7497
7498	3	7498
7499	0	7499
7500	1	7500
7501	3	7501
7502	6	7502
7503	3	7503
7504	3	7504
7505	6	7505
7506	3	7506
7507	3	7507
7508	3	7508
7509	6	7509
7510	3	7510
7511	3	7511
7512	3	7512
7513	3	7513
7514	3	7514
7515	3	7515
7516	2	7516
7517	3	7517
7518	3	7518
7519	3	7519
7520	0	7520
7521	0	7521
7522	3	7522
7523	3	7523
7524	3	7524
7525	3	7525
7526	0	7526
7527	0	7527
7528	3	7528
7529	3	7529
7530	3	7530
7531	0	7531
7532	1	7532
7533	3	7533
7534	1	7534
7535	3	7535
7536	3	7536
7537	3	7537
7538	3	7538
7539	0	7539
7540	1	7540
7541	3	7541
7542	0	7542
7543	3	7543
7544	3	7544
7545	3	7545
7546	3	7546
7547	3	7547
7548	0	7548
7549	3	7549
7550	3	7550
7551	1	7551
7552	3	7552
7553	0	7553
7554	6	7554
7555	1	7555
7556	3	7556
7557	1	7557
7558	3	7558
7559	0	7559
7560	3	7560
7561	0	7561
7562	3	7562
7563	3	7563
7564	0	7564
7565	0	7565
7566	3	7566
7567	0	7567
7568	0	7568
7569	0	7569
7570	1	7570
7571	1	7571
7572	0	7572
7573	0	7573
7574	3	7574
7575	3	7575
7576	3	7576
7577	3	7577
7578	6	7578
7579	0	7579
7580	3	7580
7581	3	7581
7582	0	7582
7583	3	7583
7584	3	7584
7585	3	7585
7586	3	7586
7587	3	7587
7588	3	7588
7589	0	7589
7590	1	7590
7591	3	7591
7592	0	7592
7593	2	7593
7594	0	7594
7595	0	7595
7596	0	7596
7597	2	7597
7598	0	7598
7599	0	7599
7600	1	7600
7601	0	7601
7602	3	7602
7603	1	7603
7604	3	7604
7605	3	7605
7606	6	7606
7607	3	7607
7608	3	7608
7609	0	7609
7610	1	7610
7611	1	7611
7612	3	7612
7613	0	7613
7614	3	7614
7615	3	7615
7616	1	7616
7617	0	7617
7618	7	7618
7619	0	7619
7620	3	7620
7621	3	7621
7622	3	7622
7623	3	7623
7624	6	7624
7625	7	7625
7626	0	7626
7627	0	7627
7628	6	7628
7629	3	7629
7630	0	7630
7631	3	7631
7632	3	7632
7633	0	7633
7634	3	7634
7635	3	7635
7636	6	7636
7637	3	7637
7638	3	7638
7639	0	7639
7640	3	7640
7641	3	7641
7642	0	7642
7643	0	7643
7644	0	7644
7645	6	7645
7646	3	7646
7647	3	7647
7648	6	7648
7649	3	7649
7650	3	7650
7651	0	7651
7652	3	7652
7653	3	7653
7654	6	7654
7655	0	7655
7656	3	7656
7657	1	7657
7658	3	7658
7659	0	7659
7660	0	7660
7661	0	7661
7662	0	7662
7663	3	7663
7664	0	7664
7665	1	7665
7666	0	7666
7667	0	7667
7668	0	7668
7669	3	7669
7670	3	7670
7671	0	7671
7672	1	7672
7673	0	7673
