//Orden 0
initialCentroids[0].add(Arrays.asList(30543, 36778, 33295, 681, 55456, 62380, 41889, 18584, 4770, 50116, 16475, 33059, 30308, 1572, 30835, 21020));
initialCentroids[0].add(Arrays.asList(26241, 41077, 5116, 1893, 1716, 37786, 39299, 27087, 20501, 51914, 28116, 56720, 10350, 20849, 54154, 38036));
initialCentroids[0].add(Arrays.asList(38279, 40708, 17091, 9538, 4067, 53450, 42582, 54486, 47735, 36681, 53445, 54701, 12696, 38745, 37064, 54970));
initialCentroids[0].add(Arrays.asList(15123, 28104, 58619, 27696, 22560, 38012, 39692, 52695, 3608, 52281, 23579, 38937, 58220, 59997, 60247, 8825));
initialCentroids[0].add(Arrays.asList(4528, 46929, 38986, 43170, 8878, 45902, 3793, 60253, 17574, 11345, 5264, 2617, 48860, 20284, 13069, 1628));
//Orden 1
initialCentroids[1].add(Arrays.asList(26653, 60738, 56150, 54245, 57451, 39272, 7258, 61328, 46244, 6068, 45837, 2509, 54940, 5914, 43320, 35493));
initialCentroids[1].add(Arrays.asList(28179, 23318, 14646, 50161, 10415, 32481, 19317, 44715, 36662, 22884, 31193, 49450, 42144, 7015, 49491, 16489));
initialCentroids[1].add(Arrays.asList(33048, 14644, 1262, 60234, 35969, 3109, 23221, 20382, 18481, 1807, 54302, 11894, 39661, 46536, 14079, 21397));
initialCentroids[1].add(Arrays.asList(41856, 53906, 20972, 64, 59800, 29315, 55637, 45591, 8550, 32339, 42594, 15462, 59297, 38101, 19851, 36666));
initialCentroids[1].add(Arrays.asList(44708, 5163, 43142, 47720, 13578, 27933, 48730, 54268, 61238, 20531, 13133, 15823, 13942, 27899, 36761, 52361));
//Orden 2
initialCentroids[2].add(Arrays.asList(5485, 61952, 13053, 54063, 11764, 10477, 50633, 9849, 36821, 17781, 30182, 11298, 58699, 59404, 33253, 49959));
initialCentroids[2].add(Arrays.asList(7494, 22491, 15003, 37490, 2759, 42199, 49887, 16329, 18786, 38355, 11843, 13537, 51778, 49308, 43561, 28863));
initialCentroids[2].add(Arrays.asList(53531, 1317, 14817, 24705, 52737, 8222, 17701, 28765, 14185, 45238, 43782, 53661, 22077, 39302, 7790, 17731));
initialCentroids[2].add(Arrays.asList(57379, 34494, 38615, 28758, 61139, 32961, 55308, 37147, 28542, 40337, 59375, 27720, 53427, 28326, 18852, 22902));
initialCentroids[2].add(Arrays.asList(3352, 45774, 38605, 15869, 14939, 57107, 53651, 37288, 55436, 62039, 34104, 49297, 14898, 56393, 49724, 58865));
	